Date,Open,High,Low,Close,Volume
2017-03-30,404.0,408.0,401.0,405.0,27700.0
2017-03-29,400.0,410.0,396.0,410.0,26400.0
2017-03-28,405.0,408.0,400.0,400.0,51100.0
2017-03-27,413.0,418.0,398.0,410.0,110600.0
2017-03-24,415.0,424.0,413.0,418.0,98200.0
2017-03-23,427.0,435.0,418.0,427.0,130500.0
2017-03-22,455.0,477.0,436.0,440.0,451200.0
2017-03-21,526.0,529.0,463.0,470.0,1468800.0
2017-03-17,390.0,459.0,390.0,450.0,621800.0
2017-03-16,405.0,407.0,390.0,390.0,58100.0
2017-03-15,388.0,414.0,380.0,392.0,178300.0
2017-03-14,367.0,389.0,367.0,389.0,40700.0
2017-03-13,368.0,368.0,365.0,366.0,10200.0
2017-03-10,370.0,371.0,365.0,368.0,6300.0
2017-03-09,366.0,369.0,364.0,369.0,3700.0
2017-03-08,365.0,366.0,364.0,366.0,2400.0
2017-03-07,364.0,368.0,364.0,364.0,4800.0
2017-03-06,364.0,365.0,360.0,364.0,4200.0
2017-03-03,366.0,368.0,361.0,362.0,11500.0
2017-03-02,365.0,369.0,364.0,368.0,3800.0
2017-03-01,361.0,365.0,359.0,365.0,5100.0
2017-02-28,367.0,367.0,361.0,361.0,16100.0
2017-02-27,372.0,372.0,367.0,367.0,7900.0
2017-02-24,373.0,374.0,366.0,370.0,15400.0
2017-02-23,373.0,374.0,369.0,374.0,4900.0
2017-02-22,370.0,378.0,369.0,371.0,9900.0
2017-02-21,371.0,371.0,365.0,368.0,12200.0
2017-02-20,376.0,376.0,370.0,372.0,3500.0
2017-02-17,375.0,380.0,369.0,376.0,23100.0
2017-02-16,356.0,387.0,353.0,379.0,62200.0
2017-02-15,350.0,356.0,346.0,356.0,17600.0
2017-02-14,354.0,354.0,349.0,352.0,12100.0
2017-02-13,356.0,357.0,353.0,354.0,4900.0
2017-02-10,358.0,361.0,353.0,355.0,16400.0
2017-02-09,356.0,362.0,355.0,358.0,14100.0
2017-02-08,357.0,357.0,350.0,357.0,6300.0
2017-02-07,354.0,358.0,352.0,357.0,23700.0
2017-02-06,356.0,356.0,351.0,352.0,17500.0
2017-02-03,373.0,377.0,350.0,356.0,96400.0
2017-02-02,366.0,382.0,366.0,381.0,24700.0
2017-02-01,360.0,367.0,360.0,365.0,14900.0
2017-01-31,378.0,380.0,367.0,367.0,12800.0
2017-01-30,380.0,383.0,377.0,380.0,9300.0
2017-01-27,381.0,381.0,375.0,376.0,6800.0
2017-01-26,384.0,384.0,372.0,381.0,11500.0
2017-01-25,373.0,380.0,369.0,379.0,14400.0
2017-01-24,374.0,374.0,365.0,370.0,22900.0
2017-01-23,379.0,379.0,371.0,375.0,16500.0
2017-01-20,385.0,385.0,378.0,379.0,12300.0
2017-01-19,393.0,396.0,386.0,386.0,7300.0
2017-01-18,383.0,390.0,383.0,390.0,8100.0
2017-01-17,383.0,394.0,383.0,386.0,12100.0
2017-01-16,391.0,401.0,381.0,386.0,43500.0
2017-01-13,380.0,387.0,376.0,383.0,24300.0
2017-01-12,392.0,392.0,386.0,386.0,7300.0
2017-01-11,389.0,393.0,384.0,391.0,32700.0
2017-01-10,394.0,400.0,380.0,384.0,78500.0
2017-01-06,374.0,378.0,372.0,373.0,8600.0
2017-01-05,379.0,386.0,375.0,375.0,8500.0
2017-01-04,383.0,385.0,371.0,382.0,47600.0
2016-12-30,365.0,373.0,362.0,370.0,9900.0
2016-12-29,366.0,374.0,360.0,365.0,26600.0
2016-12-28,364.0,372.0,362.0,368.0,16500.0
2016-12-27,388.0,396.0,357.0,367.0,92600.0
2016-12-26,394.0,405.0,386.0,391.0,70600.0
2016-12-22,380.0,387.0,376.0,386.0,31100.0
2016-12-21,370.0,379.0,365.0,379.0,34800.0
2016-12-20,358.0,371.0,357.0,371.0,31700.0
2016-12-19,348.0,362.0,346.0,362.0,32800.0
2016-12-16,342.0,345.0,340.0,345.0,20000.0
2016-12-15,339.0,342.0,337.0,338.0,10900.0
2016-12-14,338.0,342.0,337.0,339.0,12000.0
2016-12-13,342.0,342.0,334.0,338.0,6700.0
2016-12-12,340.0,346.0,340.0,341.0,25000.0
2016-12-09,341.0,344.0,339.0,344.0,7500.0
2016-12-08,335.0,340.0,335.0,340.0,22000.0
2016-12-07,333.0,334.0,327.0,334.0,13200.0
2016-12-06,332.0,333.0,330.0,332.0,10400.0
2016-12-05,327.0,330.0,326.0,329.0,8100.0
2016-12-02,331.0,331.0,328.0,329.0,7500.0
2016-12-01,327.0,330.0,326.0,330.0,18500.0
2016-11-30,328.0,330.0,325.0,326.0,21500.0
2016-11-29,333.0,333.0,326.0,328.0,10200.0
2016-11-28,324.0,332.0,322.0,332.0,17500.0
2016-11-25,326.0,327.0,322.0,322.0,21700.0
2016-11-24,326.0,326.0,324.0,325.0,19900.0
2016-11-22,323.0,325.0,321.0,323.0,9800.0
2016-11-21,329.0,329.0,322.0,322.0,23500.0
2016-11-18,324.0,326.0,322.0,324.0,18600.0
2016-11-17,320.0,321.0,317.0,320.0,16400.0
2016-11-16,326.0,326.0,316.0,320.0,44600.0
2016-11-15,340.0,340.0,310.0,324.0,70400.0
2016-11-14,346.0,348.0,334.0,338.0,43900.0
2016-11-11,342.0,344.0,337.0,339.0,95800.0
2016-11-10,330.0,342.0,328.0,334.0,62900.0
2016-11-09,336.0,342.0,305.0,320.0,47400.0
2016-11-08,338.0,340.0,333.0,338.0,10200.0
2016-11-07,352.0,352.0,333.0,337.0,15900.0
2016-11-04,349.0,349.0,344.0,347.0,5200.0
2016-11-02,346.0,346.0,342.0,344.0,5100.0
2016-11-01,350.0,350.0,345.0,346.0,6600.0
2016-10-31,355.0,355.0,349.0,350.0,5200.0
2016-10-28,352.0,355.0,349.0,351.0,7000.0
2016-10-27,360.0,368.0,347.0,347.0,15500.0
2016-10-26,358.0,369.0,350.0,363.0,30100.0
2016-10-25,356.0,359.0,350.0,359.0,23800.0
2016-10-24,344.0,350.0,341.0,350.0,18800.0
2016-10-21,344.0,347.0,337.0,339.0,14600.0
2016-10-20,351.0,354.0,340.0,344.0,17700.0
2016-10-19,330.0,365.0,330.0,347.0,27900.0
2016-10-18,318.0,336.0,318.0,328.0,21800.0
2016-10-17,322.0,322.0,313.0,316.0,15500.0
2016-10-14,328.0,331.0,320.0,323.0,21300.0
2016-10-13,337.0,337.0,327.0,328.0,12300.0
2016-10-12,335.0,337.0,333.0,337.0,2200.0
2016-10-11,334.0,336.0,334.0,335.0,4700.0
2016-10-07,335.0,338.0,335.0,338.0,2500.0
2016-10-06,335.0,342.0,334.0,339.0,3000.0
2016-10-05,332.0,333.0,331.0,332.0,9400.0
2016-10-04,338.0,338.0,332.0,332.0,9300.0
2016-10-03,344.0,345.0,338.0,338.0,2600.0
2016-09-30,345.0,345.0,336.0,337.0,2800.0
2016-09-29,347.0,347.0,341.0,345.0,4300.0
2016-09-28,351.0,351.0,344.0,348.0,2200.0
2016-09-27,352.0,355.0,342.0,346.0,22200.0
2016-09-26,348.0,351.0,346.0,350.0,9500.0
2016-09-23,340.0,343.0,338.0,343.0,12200.0
2016-09-21,339.0,341.0,329.0,341.0,15800.0
2016-09-20,330.0,336.0,330.0,336.0,9600.0
2016-09-16,324.0,335.0,324.0,330.0,28400.0
2016-09-15,316.0,321.0,316.0,320.0,6600.0
2016-09-14,325.0,325.0,316.0,318.0,18300.0
2016-09-13,330.0,330.0,325.0,327.0,7700.0
2016-09-12,333.0,335.0,328.0,331.0,5100.0
2016-09-09,336.0,339.0,336.0,337.0,7800.0
2016-09-08,341.0,341.0,340.0,341.0,2700.0
2016-09-07,340.0,340.0,340.0,340.0,2700.0
2016-09-06,337.0,339.0,334.0,339.0,18000.0
2016-09-05,334.0,338.0,334.0,337.0,3900.0
2016-09-02,334.0,334.0,329.0,334.0,12500.0
2016-09-01,342.0,342.0,325.0,334.0,40300.0
2016-08-31,347.0,347.0,332.0,338.0,15600.0
2016-08-30,350.0,352.0,339.0,341.0,32200.0
2016-08-29,365.0,365.0,350.0,352.0,6500.0
2016-08-26,368.0,369.0,357.0,359.0,12500.0
2016-08-25,354.0,362.0,350.0,360.0,21300.0
2016-08-24,347.0,351.0,346.0,351.0,2600.0
2016-08-23,350.0,350.0,344.0,350.0,2100.0
2016-08-22,344.0,351.0,342.0,350.0,2400.0
2016-08-19,349.0,350.0,342.0,345.0,4500.0
2016-08-18,345.0,351.0,345.0,347.0,2700.0
2016-08-17,344.0,349.0,342.0,346.0,2200.0
2016-08-16,345.0,349.0,345.0,347.0,4200.0
2016-08-15,345.0,346.0,343.0,343.0,1700.0
2016-08-12,337.0,349.0,337.0,340.0,15900.0
2016-08-10,356.0,356.0,338.0,345.0,8400.0
2016-08-09,351.0,355.0,347.0,355.0,5000.0
2016-08-08,341.0,360.0,341.0,353.0,5800.0
2016-08-05,349.0,349.0,340.0,348.0,5400.0
2016-08-04,351.0,352.0,344.0,344.0,3800.0
2016-08-03,350.0,356.0,332.0,343.0,38600.0
2016-08-02,381.0,381.0,364.0,364.0,10300.0
2016-08-01,392.0,395.0,363.0,374.0,40500.0
2016-07-29,388.0,402.0,381.0,402.0,18200.0
2016-07-28,391.0,391.0,383.0,388.0,14300.0
2016-07-27,399.0,402.0,389.0,392.0,15400.0
2016-07-26,406.0,413.0,392.0,399.0,18100.0
2016-07-25,394.0,416.0,394.0,400.0,20100.0
2016-07-22,399.0,403.0,393.0,397.0,20300.0
2016-07-21,400.0,404.0,397.0,399.0,17300.0
2016-07-20,384.0,396.0,381.0,395.0,24500.0
2016-07-19,379.0,386.0,378.0,382.0,15100.0
2016-07-15,380.0,385.0,375.0,376.0,30200.0
2016-07-14,382.0,386.0,379.0,381.0,15800.0
2016-07-13,390.0,398.0,382.0,385.0,25400.0
2016-07-12,376.0,386.0,376.0,383.0,20300.0
2016-07-11,374.0,384.0,370.0,375.0,10900.0
2016-07-08,389.0,392.0,364.0,364.0,13700.0
2016-07-07,392.0,392.0,381.0,381.0,7900.0
2016-07-06,396.0,401.0,380.0,387.0,18900.0
2016-07-05,413.0,413.0,400.0,401.0,12000.0
2016-07-04,405.0,420.0,405.0,418.0,18700.0
2016-07-01,406.0,413.0,403.0,409.0,16000.0
2016-06-30,411.0,413.0,396.0,398.0,27500.0
2016-06-29,398.0,408.0,395.0,406.0,20600.0
2016-06-28,400.0,400.0,381.0,394.0,24000.0
2016-06-27,380.0,402.0,380.0,399.0,47100.0
2016-06-24,430.0,430.0,371.0,380.0,103000.0
2016-06-23,415.0,424.0,412.0,422.0,23300.0
2016-06-22,440.0,440.0,414.0,415.0,32700.0
2016-06-21,443.0,446.0,425.0,440.0,42500.0
2016-06-20,414.0,453.0,410.0,439.0,74500.0
2016-06-17,432.0,435.0,400.0,406.0,49700.0
2016-06-16,440.0,445.0,403.0,404.0,87700.0
2016-06-15,435.0,452.0,435.0,437.0,42200.0
2016-06-14,470.0,470.0,444.0,448.0,99800.0
2016-06-13,478.0,485.0,447.0,476.0,178800.0
2016-06-10,483.0,488.0,471.0,483.0,105800.0
2016-06-09,479.0,500.0,473.0,491.0,269900.0
2016-06-08,452.0,478.0,449.0,463.0,212100.0
2016-06-07,442.0,463.0,432.0,447.0,202800.0
2016-06-06,413.0,482.0,406.0,448.0,643800.0
2016-06-03,388.0,402.0,388.0,402.0,28500.0
2016-06-02,389.0,399.0,389.0,396.0,32100.0
2016-06-01,401.0,405.0,390.0,394.0,44700.0
2016-05-31,395.0,411.0,391.0,400.0,75900.0
2016-05-30,378.0,397.0,374.0,393.0,95300.0
2016-05-27,373.0,375.0,362.0,367.0,40700.0
2016-05-26,385.0,395.0,373.0,373.0,90500.0
2016-05-25,408.0,408.0,386.0,393.0,134800.0
2016-05-24,390.0,413.0,376.0,400.0,394300.0
2016-05-23,337.0,417.0,337.0,396.0,1569600.0
2016-05-20,333.0,340.0,327.0,337.0,12300.0
2016-05-19,333.0,338.0,323.0,328.0,31900.0
2016-05-18,332.0,350.0,330.0,343.0,17900.0
2016-05-17,339.0,340.0,332.0,334.0,7000.0
2016-05-16,341.0,346.0,339.0,339.0,5200.0
2016-05-13,348.0,350.0,339.0,339.0,9200.0
2016-05-12,334.0,347.0,333.0,344.0,6600.0
2016-05-11,348.0,351.0,332.0,332.0,23200.0
2016-05-10,333.0,340.0,332.0,338.0,5600.0
2016-05-09,339.0,339.0,331.0,331.0,3600.0
2016-05-06,330.0,335.0,330.0,331.0,4100.0
2016-05-02,335.0,341.0,312.0,328.0,14500.0
2016-04-28,348.0,359.0,339.0,340.0,12700.0
2016-04-27,335.0,357.0,335.0,345.0,17800.0
2016-04-26,348.0,352.0,331.0,331.0,31700.0
2016-04-25,365.0,379.0,348.0,358.0,91600.0
2016-04-22,327.0,381.0,320.0,348.0,159900.0
2016-04-21,310.0,320.0,310.0,313.0,10000.0
2016-04-20,316.0,326.0,313.0,313.0,6800.0
2016-04-19,310.0,322.0,310.0,318.0,11000.0
2016-04-18,315.0,318.0,310.0,313.0,5600.0
2016-04-15,324.0,325.0,312.0,321.0,10800.0
2016-04-14,323.0,330.0,315.0,322.0,11100.0
2016-04-13,323.0,327.0,319.0,322.0,4400.0
2016-04-12,318.0,323.0,317.0,322.0,3100.0
2016-04-11,315.0,316.0,314.0,316.0,3900.0
2016-04-08,306.0,316.0,306.0,309.0,7600.0
2016-04-07,307.0,310.0,306.0,309.0,2700.0
2016-04-06,310.0,311.0,305.0,305.0,5500.0
2016-04-05,317.0,319.0,302.0,318.0,10000.0
2016-04-04,333.0,337.0,318.0,318.0,11500.0
2016-04-01,347.0,351.0,333.0,333.0,7300.0
2016-03-31,347.0,352.0,342.0,345.0,3700.0
2016-03-30,358.0,358.0,347.0,347.0,5600.0
2016-03-29,346.0,358.0,345.0,358.0,5900.0
2016-03-28,353.0,356.0,345.0,349.0,7200.0
2016-03-25,363.0,365.0,355.0,355.0,18300.0
2016-03-24,348.0,363.0,342.0,363.0,19200.0
2016-03-23,360.0,368.0,345.0,346.0,24500.0
2016-03-22,354.0,363.0,354.0,355.0,10400.0
2016-03-18,380.0,380.0,360.0,362.0,14300.0
2016-03-17,390.0,390.0,375.0,375.0,12100.0
2016-03-16,373.0,387.0,365.0,387.0,28200.0
2016-03-15,364.0,372.0,361.0,372.0,40900.0
2016-03-14,333.0,360.0,332.0,360.0,25200.0
2016-03-11,343.0,344.0,337.0,337.0,4400.0
2016-03-10,337.0,343.0,333.0,343.0,11300.0
2016-03-09,350.0,350.0,331.0,341.0,11800.0
2016-03-08,353.0,357.0,350.0,352.0,12500.0
2016-03-07,346.0,357.0,346.0,353.0,35800.0
2016-03-04,346.0,362.0,344.0,348.0,51300.0
2016-03-03,336.0,345.0,332.0,345.0,23400.0
2016-03-02,335.0,343.0,330.0,334.0,24100.0
2016-03-01,337.0,341.0,328.0,333.0,8700.0
2016-02-29,330.0,339.0,324.0,335.0,24800.0
2016-02-26,332.0,347.0,328.0,328.0,57500.0
2016-02-25,315.0,327.0,310.0,325.0,37200.0
2016-02-24,291.0,308.0,291.0,308.0,14200.0
2016-02-23,295.0,310.0,290.0,298.0,27500.0
2016-02-22,275.0,295.0,275.0,290.0,42900.0
2016-02-19,274.0,288.0,273.0,277.0,31200.0
2016-02-18,273.0,273.0,267.0,271.0,3700.0
2016-02-17,272.0,276.0,265.0,272.0,7000.0
2016-02-16,268.0,280.0,267.0,273.0,27100.0
2016-02-15,261.0,270.0,256.0,266.0,14700.0
2016-02-12,260.0,269.0,245.0,251.0,61900.0
2016-02-10,282.0,292.0,264.0,279.0,42000.0
2016-02-09,290.0,293.0,265.0,279.0,21400.0
2016-02-08,294.0,298.0,288.0,298.0,3200.0
2016-02-05,304.0,306.0,289.0,295.0,11000.0
2016-02-04,304.0,308.0,300.0,308.0,5300.0
2016-02-03,308.0,309.0,300.0,308.0,6100.0
2016-02-02,310.0,318.0,310.0,315.0,6800.0
2016-02-01,313.0,324.0,305.0,318.0,20700.0
2016-01-29,312.0,314.0,290.0,312.0,19700.0
2016-01-28,300.0,305.0,293.0,304.0,11500.0
2016-01-27,293.0,308.0,293.0,308.0,6200.0
2016-01-26,291.0,292.0,286.0,292.0,1800.0
2016-01-25,283.0,292.0,275.0,292.0,13000.0
2016-01-22,272.0,275.0,270.0,275.0,6500.0
2016-01-21,263.0,276.0,262.0,262.0,11700.0
2016-01-20,276.0,283.0,266.0,267.0,15000.0
2016-01-19,273.0,277.0,267.0,274.0,12300.0
2016-01-18,262.0,281.0,255.0,278.0,20300.0
2016-01-15,284.0,285.0,279.0,282.0,3000.0
2016-01-14,280.0,285.0,274.0,281.0,14600.0
2016-01-13,275.0,282.0,275.0,282.0,9300.0
2016-01-12,288.0,290.0,275.0,280.0,13800.0
2016-01-08,294.0,298.0,278.0,294.0,17700.0
2016-01-07,296.0,303.0,296.0,296.0,5000.0
2016-01-06,304.0,308.0,297.0,298.0,5700.0
2016-01-05,300.0,303.0,300.0,303.0,1000.0
2016-01-04,307.0,307.0,303.0,304.0,4900.0
2015-12-30,304.0,309.0,303.0,309.0,2300.0
2015-12-29,302.0,303.0,299.0,302.0,3000.0
2015-12-28,293.0,299.0,293.0,299.0,3100.0
2015-12-25,299.0,300.0,284.0,294.0,44400.0
2015-12-24,306.0,309.0,298.0,301.0,16400.0
2015-12-22,308.0,310.0,303.0,306.0,13000.0
2015-12-21,317.0,320.0,306.0,312.0,8400.0
2015-12-18,327.0,327.0,316.0,316.0,21500.0
2015-12-17,314.0,327.0,307.0,327.0,40100.0
2015-12-16,308.0,308.0,300.0,306.0,7100.0
2015-12-15,305.0,309.0,301.0,308.0,6500.0
2015-12-14,302.0,305.0,300.0,305.0,7900.0
2015-12-11,309.0,310.0,305.0,310.0,63400.0
2015-12-10,299.0,309.0,298.0,309.0,10800.0
2015-12-09,297.0,301.0,297.0,299.0,6800.0
2015-12-08,304.0,304.0,293.0,299.0,12000.0
2015-12-07,303.0,304.0,298.0,304.0,8600.0
2015-12-04,302.0,308.0,300.0,302.0,9300.0
2015-12-03,306.0,313.0,300.0,309.0,20400.0
2015-12-02,312.0,314.0,306.0,310.0,13100.0
2015-12-01,313.0,316.0,311.0,312.0,5300.0
2015-11-30,314.0,322.0,310.0,312.0,11400.0
2015-11-27,322.0,322.0,309.0,310.0,11500.0
2015-11-26,317.0,324.0,317.0,322.0,4600.0
2015-11-25,311.0,321.0,311.0,315.0,20000.0
2015-11-24,306.0,312.0,293.0,312.0,17600.0
2015-11-20,300.0,305.0,297.0,305.0,10100.0
2015-11-19,301.0,301.0,295.0,298.0,8900.0
2015-11-18,296.0,297.0,290.0,297.0,13900.0
2015-11-17,296.0,300.0,290.0,293.0,39400.0
2015-11-16,311.0,311.0,294.0,295.0,71200.0
2015-11-13,322.0,328.0,318.0,318.0,16300.0
2015-11-12,330.0,330.0,325.0,325.0,3600.0
2015-11-11,331.0,331.0,328.0,330.0,4400.0
2015-11-10,324.0,328.0,321.0,325.0,3800.0
2015-11-09,334.0,334.0,321.0,324.0,17400.0
2015-11-06,333.0,333.0,320.0,333.0,18600.0
2015-11-05,337.0,343.0,333.0,333.0,6900.0
2015-11-04,341.0,343.0,333.0,342.0,11500.0
2015-11-02,343.0,345.0,342.0,342.0,7900.0
2015-10-30,349.0,353.0,344.0,348.0,6300.0
2015-10-29,347.0,359.0,346.0,349.0,17000.0
2015-10-28,356.0,356.0,344.0,353.0,11300.0
2015-10-27,350.0,360.0,345.0,353.0,11700.0
2015-10-26,357.0,360.0,346.0,348.0,16700.0
2015-10-23,358.0,363.0,350.0,355.0,45300.0
2015-10-22,332.0,371.0,331.0,354.0,139900.0
2015-10-21,324.0,334.0,323.0,332.0,16500.0
2015-10-20,329.0,333.0,323.0,325.0,11600.0
2015-10-19,335.0,335.0,327.0,329.0,10600.0
2015-10-16,326.0,338.0,326.0,330.0,21000.0
2015-10-15,320.0,326.0,318.0,325.0,3900.0
2015-10-14,327.0,327.0,321.0,322.0,18500.0
2015-10-13,331.0,331.0,322.0,326.0,32500.0
2015-10-09,334.0,338.0,331.0,335.0,8800.0
2015-10-08,333.0,345.0,329.0,330.0,27000.0
2015-10-07,341.0,341.0,329.0,333.0,20900.0
2015-10-06,335.0,351.0,335.0,344.0,99800.0
2015-10-05,315.0,335.0,312.0,331.0,33200.0
2015-10-02,309.0,315.0,307.0,315.0,32900.0
2015-10-01,307.0,318.0,305.0,313.0,36500.0
2015-09-30,315.0,315.0,298.0,311.0,49800.0
2015-09-29,292.0,303.0,287.0,299.0,59300.0
2015-09-28,281.0,324.0,279.0,298.0,234000.0
2015-09-25,277.0,282.0,272.0,277.0,42800.0
2015-09-24,285.0,285.0,268.0,274.0,100800.0
2015-09-18,286.0,306.0,282.0,286.0,371000.0
2015-09-17,269.0,349.0,263.0,308.0,2260700.0
2015-09-16,267.0,273.0,267.0,269.0,1800.0
2015-09-15,275.0,275.0,264.0,267.0,10600.0
2015-09-14,275.0,279.0,272.0,275.0,7200.0
2015-09-11,271.0,277.0,260.0,275.0,21800.0
2015-09-10,262.0,270.0,257.0,268.0,8100.0
2015-09-09,264.0,269.0,256.0,267.0,9900.0
2015-09-08,273.0,273.0,252.0,260.0,19800.0
2015-09-07,281.0,281.0,270.0,273.0,4600.0
2015-09-04,282.0,291.0,271.0,276.0,11000.0
2015-09-03,281.0,293.0,277.0,284.0,7500.0
2015-09-02,275.0,293.0,275.0,278.0,13100.0
2015-09-01,292.0,295.0,279.0,279.0,14700.0
2015-08-31,300.0,305.0,292.0,300.0,10900.0
2015-08-28,295.0,308.0,292.0,307.0,19200.0
2015-08-27,290.0,306.0,287.0,303.0,11400.0
2015-08-26,255.0,300.0,255.0,283.0,35500.0
2015-08-25,261.0,324.0,235.0,263.0,104300.0
2015-08-24,297.0,300.0,260.0,261.0,48800.0
2015-08-21,303.0,313.0,303.0,308.0,17900.0
2015-08-20,318.0,320.0,312.0,318.0,9700.0
2015-08-19,324.0,326.0,316.0,318.0,35000.0
2015-08-18,339.0,342.0,333.0,337.0,6000.0
2015-08-17,349.0,352.0,338.0,340.0,14300.0
2015-08-14,346.0,354.0,346.0,346.0,8800.0
2015-08-13,350.0,356.0,350.0,350.0,2500.0
2015-08-12,351.0,359.0,347.0,358.0,5000.0
2015-08-11,348.0,356.0,348.0,351.0,3200.0
2015-08-10,348.0,357.0,341.0,355.0,4800.0
2015-08-07,357.0,362.0,349.0,353.0,25500.0
2015-08-06,356.0,361.0,356.0,356.0,8700.0
2015-08-05,369.0,369.0,354.0,355.0,15600.0
2015-08-04,377.0,377.0,366.0,373.0,3600.0
2015-08-03,375.0,381.0,371.0,378.0,6100.0
2015-07-31,365.0,382.0,356.0,378.0,26400.0
2015-07-30,370.0,373.0,362.0,373.0,19900.0
2015-07-29,370.0,371.0,365.0,369.0,3000.0
2015-07-28,368.0,370.0,365.0,368.0,2100.0
2015-07-27,376.0,376.0,368.0,369.0,4200.0
2015-07-24,372.0,378.0,370.0,376.0,13800.0
2015-07-23,375.0,375.0,369.0,373.0,5600.0
2015-07-22,378.0,378.0,374.0,378.0,6100.0
2015-07-21,376.0,376.0,368.0,374.0,3600.0
2015-07-17,373.0,376.0,371.0,376.0,4000.0
2015-07-16,368.0,375.0,366.0,375.0,4600.0
2015-07-15,372.0,372.0,359.0,368.0,8000.0
2015-07-14,357.0,372.0,357.0,372.0,12500.0
2015-07-13,362.0,362.0,356.0,356.0,6700.0
2015-07-10,361.0,361.0,345.0,357.0,7800.0
2015-07-09,361.0,367.0,301.0,358.0,42600.0
2015-07-08,375.0,379.0,366.0,370.0,8500.0
2015-07-07,371.0,375.0,371.0,375.0,2900.0
2015-07-06,382.0,382.0,370.0,371.0,9700.0
2015-07-03,382.0,382.0,376.0,381.0,4600.0
2015-07-02,383.0,383.0,376.0,381.0,6700.0
2015-07-01,379.0,383.0,378.0,383.0,4500.0
2015-06-30,384.0,384.0,370.0,382.0,8300.0
2015-06-29,383.0,402.0,371.0,381.0,51500.0
2015-06-26,399.0,399.0,387.0,395.0,5800.0
2015-06-25,395.0,400.0,391.0,399.0,15500.0
2015-06-24,393.0,398.0,389.0,396.0,8800.0
2015-06-23,400.0,400.0,394.0,395.0,6000.0
2015-06-22,398.0,405.0,390.0,397.0,14800.0
2015-06-19,403.0,408.0,394.0,398.0,16500.0
2015-06-18,414.0,415.0,383.0,411.0,71500.0
2015-06-17,380.0,420.0,376.0,417.0,53500.0
2015-06-16,377.0,379.0,376.0,377.0,1700.0
2015-06-15,383.0,383.0,376.0,378.0,4700.0
2015-06-12,377.0,382.0,376.0,380.0,2800.0
2015-06-11,377.0,377.0,374.0,376.0,1500.0
2015-06-10,379.0,379.0,374.0,378.0,7400.0
2015-06-09,382.0,383.0,379.0,379.0,7900.0
2015-06-08,379.0,385.0,379.0,383.0,8100.0
2015-06-05,377.0,379.0,374.0,378.0,7100.0
2015-06-04,383.0,383.0,375.0,381.0,8800.0
2015-06-03,386.0,386.0,381.0,384.0,3200.0
2015-06-02,382.0,386.0,376.0,383.0,6500.0
2015-06-01,388.0,388.0,374.0,386.0,9900.0
2015-05-29,387.0,389.0,384.0,387.0,5700.0
2015-05-28,398.0,398.0,385.0,387.0,9200.0
2015-05-27,400.0,402.0,392.0,395.0,9600.0
2015-05-26,402.0,405.0,390.0,402.0,21100.0
2015-05-25,380.0,400.0,380.0,400.0,30100.0
2015-05-22,371.0,379.0,371.0,376.0,8800.0
2015-05-21,369.0,370.0,362.0,370.0,9200.0
2015-05-20,377.0,377.0,367.0,370.0,18900.0
2015-05-19,366.0,375.0,366.0,370.0,12200.0
2015-05-18,371.0,371.0,363.0,364.0,14200.0
2015-05-15,393.0,395.0,361.0,375.0,47600.0
2015-05-14,396.0,403.0,391.0,392.0,15700.0
2015-05-13,388.0,395.0,385.0,393.0,7000.0
2015-05-12,391.0,393.0,385.0,389.0,10300.0
2015-05-11,408.0,408.0,385.0,391.0,23400.0
2015-05-08,400.0,402.0,398.0,402.0,7800.0
2015-05-07,390.0,395.0,384.0,393.0,17100.0
2015-05-01,407.0,411.0,395.0,400.0,20800.0
2015-04-30,416.0,420.0,403.0,413.0,25500.0
2015-04-28,425.0,431.0,414.0,419.0,40000.0
2015-04-27,420.0,424.0,414.0,414.0,15400.0
2015-04-24,420.0,422.0,414.0,415.0,16400.0
2015-04-23,424.0,428.0,418.0,418.0,17700.0
2015-04-22,424.0,424.0,417.0,419.0,9700.0
2015-04-21,417.0,421.0,416.0,416.0,8300.0
2015-04-20,403.0,413.0,401.0,413.0,21600.0
2015-04-17,429.0,429.0,411.0,419.0,36700.0
2015-04-16,440.0,444.0,430.0,432.0,25000.0
2015-04-15,437.0,443.0,436.0,439.0,4500.0
2015-04-14,445.0,446.0,433.0,440.0,13600.0
2015-04-13,440.0,448.0,438.0,448.0,7800.0
2015-04-10,442.0,443.0,440.0,441.0,5700.0
2015-04-09,450.0,450.0,439.0,442.0,14900.0
2015-04-08,447.0,454.0,445.0,454.0,10900.0
2015-04-07,432.0,444.0,432.0,442.0,8100.0
2015-04-06,434.0,440.0,433.0,434.0,9100.0
2015-04-03,428.0,440.0,428.0,433.0,13200.0
2015-04-02,445.0,445.0,420.0,430.0,17800.0
2015-04-01,448.0,448.0,438.0,445.0,13200.0
2015-03-31,453.0,456.0,445.0,456.0,10700.0
2015-03-30,443.0,449.0,443.0,446.0,2000.0
2015-03-27,451.0,452.0,439.0,443.0,25100.0
2015-03-26,481.0,481.0,457.0,458.0,22300.0
2015-03-25,485.0,485.0,470.0,482.0,28300.0
2015-03-24,466.0,489.0,464.0,486.0,28700.0
2015-03-23,472.0,479.0,461.0,466.0,22700.0
2015-03-20,455.0,472.0,455.0,472.0,19300.0
2015-03-19,458.0,460.0,447.0,459.0,16500.0
2015-03-18,461.0,463.0,456.0,458.0,5400.0
2015-03-17,444.0,464.0,444.0,457.0,17600.0
2015-03-16,455.0,455.0,443.0,444.0,20900.0
2015-03-13,456.0,457.0,443.0,450.0,16500.0
2015-03-12,440.0,457.0,440.0,457.0,14800.0
2015-03-11,448.0,450.0,431.0,440.0,30800.0
2015-03-10,462.0,463.0,452.0,452.0,19000.0
2015-03-09,459.0,462.0,455.0,456.0,11600.0
2015-03-06,460.0,464.0,453.0,463.0,14900.0
2015-03-05,453.0,461.0,452.0,459.0,24800.0
2015-03-04,475.0,477.0,451.0,452.0,99700.0
2015-03-03,489.0,496.0,480.0,481.0,25700.0
2015-03-02,489.0,503.0,489.0,489.0,59300.0
2015-02-27,483.0,492.0,475.0,483.0,72500.0
2015-02-26,478.0,498.0,473.0,481.0,71000.0
2015-02-25,492.0,498.0,471.0,482.0,126300.0
2015-02-24,516.0,524.0,485.0,486.0,313100.0
2015-02-23,554.0,580.0,525.0,533.0,376200.0
2015-02-20,539.0,555.0,500.0,555.0,615000.0
2015-02-19,489.0,557.0,485.0,548.0,1414500.0
2015-02-18,493.0,510.0,466.0,477.0,553600.0
2015-02-17,415.0,493.0,405.0,493.0,371900.0
2015-02-16,396.0,433.0,390.0,413.0,106600.0
2015-02-13,390.0,395.0,386.0,395.0,10200.0
2015-02-12,385.0,392.0,381.0,384.0,10900.0
2015-02-10,374.0,392.0,373.0,384.0,13300.0
2015-02-09,387.0,387.0,370.0,377.0,34700.0
2015-02-06,400.0,400.0,374.0,385.0,32300.0
2015-02-05,401.0,404.0,399.0,400.0,8600.0
2015-02-04,399.0,404.0,396.0,403.0,8000.0
2015-02-03,402.0,406.0,378.0,399.0,26300.0
2015-02-02,420.0,420.0,392.0,406.0,40500.0
2015-01-30,410.0,420.0,406.0,417.0,13500.0
2015-01-29,419.0,420.0,410.0,410.0,18200.0
2015-01-28,420.0,424.0,418.0,419.0,11000.0
2015-01-27,404.0,425.0,400.0,425.0,21900.0
2015-01-26,414.0,414.0,404.0,406.0,9100.0
2015-01-23,416.0,416.0,403.0,412.0,12300.0
2015-01-22,406.0,419.0,406.0,417.0,5500.0
2015-01-21,421.0,421.0,399.0,402.0,17100.0
2015-01-20,422.0,429.0,414.0,419.0,20300.0
2015-01-19,403.0,419.0,397.0,419.0,19600.0
2015-01-16,399.0,410.0,389.0,396.0,27000.0
2015-01-15,396.0,407.0,392.0,407.0,8700.0
2015-01-14,405.0,406.0,391.0,396.0,25000.0
2015-01-13,377.0,403.0,377.0,397.0,29200.0
2015-01-09,435.0,435.0,376.0,390.0,62900.0
2015-01-08,462.0,462.0,421.0,421.0,103500.0
2015-01-07,409.0,438.0,403.0,438.0,101600.0
2015-01-06,400.0,417.0,380.0,412.0,109200.0
2015-01-05,370.0,393.0,367.0,393.0,39000.0
2014-12-30,369.0,369.0,363.0,366.0,16800.0
2014-12-29,354.0,371.0,354.0,365.0,35700.0
2014-12-26,359.0,359.0,353.0,356.0,13900.0
2014-12-25,362.0,362.0,359.0,359.0,25100.0
2014-12-24,362.0,375.0,360.0,361.0,37900.0
2014-12-22,364.0,375.0,356.0,358.0,23900.0
2014-12-19,364.0,374.0,356.0,364.0,31200.0
2014-12-18,350.0,363.0,347.0,361.0,14100.0
2014-12-17,352.0,356.0,348.0,355.0,12200.0
2014-12-16,357.0,357.0,343.0,348.0,17700.0
2014-12-15,355.0,360.0,350.0,354.0,7000.0
2014-12-12,351.0,356.0,345.0,349.0,7700.0
2014-12-11,350.0,350.0,342.0,349.0,16300.0
2014-12-10,353.0,359.0,352.0,356.0,13100.0
2014-12-09,367.0,367.0,354.0,354.0,13200.0
2014-12-08,377.0,377.0,363.0,367.0,22500.0
2014-12-05,362.0,372.0,353.0,372.0,14700.0
2014-12-04,366.0,371.0,353.0,355.0,29300.0
2014-12-03,384.0,385.0,365.0,366.0,38200.0
2014-12-02,359.0,389.0,357.0,383.0,49900.0
2014-12-01,360.0,361.0,354.0,360.0,12200.0
2014-11-28,347.0,352.0,344.0,352.0,9700.0
2014-11-27,344.0,348.0,344.0,345.0,8100.0
2014-11-26,352.0,353.0,340.0,348.0,15800.0
2014-11-25,352.0,354.0,350.0,352.0,13800.0
2014-11-21,346.0,355.0,346.0,350.0,15900.0
2014-11-20,357.0,359.0,349.0,354.0,19200.0
2014-11-19,350.0,357.0,348.0,357.0,13500.0
2014-11-18,349.0,351.0,343.0,350.0,17400.0
2014-11-17,350.0,350.0,342.0,350.0,19500.0
2014-11-14,336.0,345.0,336.0,343.0,18300.0
2014-11-13,338.0,340.0,333.0,340.0,11500.0
2014-11-12,340.0,344.0,337.0,342.0,17500.0
2014-11-11,342.0,348.0,336.0,342.0,72700.0
2014-11-10,358.0,358.0,345.0,346.0,16700.0
2014-11-07,351.0,363.0,344.0,352.0,35000.0
2014-11-06,364.0,364.0,350.0,353.0,39500.0
2014-11-05,346.0,360.0,340.0,356.0,35800.0
2014-11-04,381.0,390.0,351.0,351.0,99200.0
2014-10-31,365.0,376.0,359.0,375.0,88700.0
2014-10-30,344.0,359.0,329.0,353.0,61700.0
2014-10-29,359.0,359.0,336.0,337.0,83300.0
2014-10-28,375.0,375.0,347.0,353.0,153800.0
2014-10-27,387.0,410.0,361.0,371.0,336600.0
2014-10-24,361.0,420.0,345.0,379.0,740900.0
2014-10-23,330.0,346.0,330.0,345.0,36100.0
2014-10-22,330.0,330.0,319.0,326.0,23100.0
2014-10-21,326.0,330.0,318.0,324.0,18900.0
2014-10-20,314.0,335.0,314.0,329.0,20900.0
2014-10-17,315.0,318.0,310.0,312.0,8800.0
2014-10-16,309.0,316.0,309.0,314.0,12700.0
2014-10-15,312.0,317.0,310.0,311.0,10300.0
2014-10-14,305.0,316.0,305.0,316.0,16000.0
2014-10-10,316.0,316.0,305.0,315.0,12200.0
2014-10-09,330.0,330.0,307.0,316.0,15700.0
2014-10-08,306.0,343.0,306.0,322.0,59200.0
2014-10-07,312.0,317.0,310.0,317.0,8900.0
2014-10-06,309.0,314.0,309.0,311.0,2600.0
2014-10-03,303.0,308.0,301.0,306.0,8400.0
2014-10-02,302.0,310.0,301.0,309.0,19600.0
2014-10-01,317.0,317.0,308.0,310.0,17400.0
2014-09-30,318.0,324.0,314.0,315.0,21500.0
2014-09-29,316.0,320.0,311.0,318.0,17300.0
2014-09-26,306.0,309.0,306.0,309.0,900.0
2014-09-25,307.0,315.0,307.0,310.0,13900.0
2014-09-24,310.0,312.0,308.0,310.0,8300.0
2014-09-22,310.0,311.0,307.0,310.0,2400.0
2014-09-19,309.0,311.0,304.0,311.0,4700.0
2014-09-18,302.0,309.0,299.0,309.0,10700.0
2014-09-17,303.0,303.0,299.0,302.0,3500.0
2014-09-16,308.0,310.0,298.0,300.0,23700.0
2014-09-12,312.0,312.0,305.0,309.0,3800.0
2014-09-11,305.0,311.0,303.0,309.0,9100.0
2014-09-10,305.0,317.0,302.0,303.0,13300.0
2014-09-09,317.0,317.0,305.0,309.0,13300.0
2014-09-08,300.0,308.0,296.0,308.0,18900.0
2014-09-05,306.0,311.0,297.0,302.0,13600.0
2014-09-04,315.0,315.0,304.0,307.0,34800.0
2014-09-03,294.0,322.0,294.0,313.0,111700.0
2014-09-02,297.0,299.0,290.0,299.0,17000.0
2014-09-01,294.0,300.0,294.0,294.0,9800.0
2014-08-29,302.0,302.0,291.0,293.0,10600.0
2014-08-28,300.0,305.0,288.0,302.0,15000.0
2014-08-27,296.0,300.0,295.0,299.0,11000.0
2014-08-26,300.0,304.0,298.0,298.0,7100.0
2014-08-25,308.0,308.0,291.0,300.0,62600.0
2014-08-22,296.0,303.0,295.0,301.0,17600.0
2014-08-21,293.0,296.0,292.0,295.0,6600.0
2014-08-20,299.0,299.0,286.0,294.0,17400.0
2014-08-19,298.0,303.0,289.0,300.0,25200.0
2014-08-18,290.0,299.0,290.0,294.0,8300.0
2014-08-15,288.0,290.0,285.0,290.0,6600.0
2014-08-14,292.0,292.0,282.0,285.0,45900.0
2014-08-13,282.0,315.0,278.0,294.0,105100.0
2014-08-12,281.0,344.0,277.0,288.0,163700.0
2014-08-11,280.0,282.0,274.0,274.0,3400.0
2014-08-08,280.0,280.0,272.0,278.0,5000.0
2014-08-07,278.0,284.0,275.0,276.0,3400.0
2014-08-06,280.0,285.0,277.0,279.0,1600.0
2014-08-05,278.0,281.0,275.0,279.0,6800.0
2014-08-04,284.0,284.0,272.0,279.0,13300.0
2014-08-01,284.0,286.0,279.0,285.0,4900.0
2014-07-31,278.0,284.0,278.0,284.0,3700.0
2014-07-30,286.0,287.0,281.0,281.0,2800.0
2014-07-29,283.0,288.0,277.0,283.0,16400.0
2014-07-28,290.0,290.0,285.0,286.0,5000.0
2014-07-25,290.0,294.0,287.0,290.0,23400.0
2014-07-24,295.0,300.0,283.0,292.0,36300.0
2014-07-23,280.0,293.0,280.0,293.0,21000.0
2014-07-22,279.0,280.0,276.0,280.0,6400.0
2014-07-18,270.0,280.0,268.0,280.0,13100.0
2014-07-17,267.0,267.0,266.0,267.0,900.0
2014-07-16,265.0,268.0,263.0,267.0,3600.0
2014-07-15,268.0,269.0,267.0,269.0,2300.0
2014-07-14,267.0,269.0,262.0,267.0,13200.0
2014-07-11,271.0,271.0,267.0,270.0,3300.0
2014-07-10,274.0,274.0,271.0,271.0,3100.0
2014-07-09,272.0,275.0,272.0,274.0,1100.0
2014-07-08,272.0,275.0,271.0,274.0,2200.0
2014-07-07,270.0,276.0,270.0,270.0,4300.0
2014-07-04,278.0,279.0,270.0,270.0,8900.0
2014-07-03,279.0,279.0,270.0,279.0,6800.0
2014-07-02,270.0,279.0,265.0,273.0,19600.0
2014-07-01,276.0,278.0,270.0,270.0,23000.0
2014-06-30,278.0,280.0,277.0,280.0,1700.0
2014-06-27,284.0,289.0,276.0,276.0,16000.0
2014-06-26,286.0,291.0,284.0,284.0,9600.0
2014-06-25,289.0,295.0,286.0,290.0,18700.0
2014-06-24,289.0,290.0,286.0,289.0,4400.0
2014-06-23,285.0,292.0,283.0,287.0,6600.0
2014-06-20,285.0,287.0,279.0,285.0,5300.0
2014-06-19,286.0,287.0,283.0,283.0,2100.0
2014-06-18,280.0,285.0,280.0,285.0,1800.0
2014-06-17,281.0,282.0,280.0,280.0,2100.0
2014-06-16,285.0,288.0,283.0,285.0,3600.0
2014-06-13,282.0,282.0,278.0,282.0,2200.0
2014-06-12,280.0,281.0,271.0,281.0,8200.0
2014-06-11,292.0,294.0,280.0,282.0,7200.0
2014-06-10,295.0,295.0,287.0,292.0,12000.0
2014-06-09,280.0,289.0,280.0,287.0,4400.0
2014-06-06,280.0,283.0,277.0,283.0,1500.0
2014-06-05,280.0,283.0,277.0,277.0,6200.0
2014-06-04,290.0,290.0,280.0,280.0,6200.0
2014-06-03,296.0,296.0,286.0,286.0,6700.0
2014-06-02,287.0,296.0,280.0,290.0,18400.0
2014-05-30,277.0,288.0,273.0,282.0,22700.0
2014-05-29,267.0,278.0,265.0,278.0,9000.0
2014-05-28,256.0,277.0,254.0,259.0,8400.0
2014-05-27,256.0,261.0,252.0,257.0,8100.0
2014-05-26,257.0,261.0,256.0,256.0,7900.0
2014-05-23,256.0,260.0,256.0,256.0,14300.0
2014-05-22,244.0,257.0,244.0,256.0,3900.0
2014-05-21,238.0,244.0,238.0,244.0,2300.0
2014-05-20,234.0,240.0,234.0,239.0,13500.0
2014-05-19,259.0,262.0,237.0,242.0,24400.0
2014-05-16,260.0,273.0,251.0,259.0,17100.0
2014-05-15,263.0,267.0,261.0,261.0,8800.0
2014-05-14,270.0,271.0,267.0,267.0,1600.0
2014-05-13,271.0,273.0,267.0,271.0,2400.0
2014-05-12,270.0,275.0,270.0,271.0,19700.0
2014-05-09,275.0,275.0,269.0,274.0,8100.0
2014-05-08,274.0,280.0,274.0,276.0,5600.0
2014-05-07,281.0,281.0,275.0,277.0,2800.0
2014-05-02,282.0,286.0,280.0,280.0,4100.0
2014-05-01,281.0,284.0,281.0,284.0,4200.0
2014-04-30,286.0,293.0,281.0,281.0,6300.0
2014-04-28,290.0,291.0,282.0,289.0,6400.0
2014-04-25,285.0,294.0,270.0,294.0,31300.0
2014-04-24,274.0,281.0,270.0,281.0,16400.0
2014-04-23,285.0,285.0,271.0,276.0,64500.0
2014-04-22,279.0,322.0,279.0,286.0,456600.0
2014-04-21,257.0,264.0,254.0,263.0,6500.0
2014-04-18,261.0,261.0,257.0,257.0,2200.0
2014-04-17,258.0,260.0,258.0,260.0,2000.0
2014-04-16,256.0,261.0,256.0,261.0,4900.0
2014-04-15,254.0,254.0,254.0,254.0,300.0
2014-04-14,254.0,256.0,251.0,252.0,5300.0
2014-04-11,259.0,260.0,251.0,254.0,7100.0
2014-04-10,259.0,261.0,258.0,259.0,5300.0
2014-04-09,259.0,260.0,258.0,259.0,4100.0
2014-04-08,262.0,262.0,262.0,262.0,100.0
2014-04-07,262.0,263.0,261.0,263.0,1400.0
2014-04-04,269.0,269.0,260.0,260.0,5100.0
2014-04-03,266.0,267.0,266.0,267.0,200.0
2014-04-02,270.0,274.0,266.0,267.0,6300.0
2014-04-01,263.0,270.0,262.0,263.0,4200.0
2014-03-31,263.0,263.0,262.0,263.0,1800.0
2014-03-28,262.0,266.0,261.0,263.0,700.0
2014-03-27,257.0,263.0,257.0,263.0,2200.0
2014-03-26,270.0,272.0,265.0,266.0,7700.0
2014-03-25,267.0,271.0,260.0,271.0,14000.0
2014-03-24,260.0,264.0,256.0,264.0,4600.0
2014-03-20,260.0,265.0,257.0,262.0,2300.0
2014-03-19,260.0,261.0,259.0,259.0,2500.0
2014-03-18,265.0,265.0,257.0,260.0,11000.0
2014-03-17,263.0,272.0,261.0,265.0,19200.0
2014-03-14,267.0,275.0,266.0,267.0,7400.0
2014-03-13,271.0,275.0,268.0,274.0,7400.0
2014-03-12,270.0,274.0,268.0,271.0,8400.0
2014-03-11,271.0,272.0,268.0,270.0,7900.0
2014-03-10,273.0,275.0,268.0,275.0,5700.0
2014-03-07,266.0,280.0,266.0,279.0,23900.0
2014-03-06,261.0,266.0,261.0,266.0,1300.0
2014-03-05,260.0,264.0,260.0,261.0,2100.0
2014-03-04,258.0,262.0,256.0,261.0,4500.0
2014-03-03,266.0,266.0,257.0,258.0,7900.0
2014-02-28,270.0,270.0,265.0,266.0,4600.0
2014-02-27,274.0,274.0,271.0,272.0,1300.0
2014-02-26,274.0,275.0,271.0,273.0,5700.0
2014-02-25,270.0,281.0,268.0,277.0,29100.0
2014-02-24,268.0,270.0,266.0,268.0,3000.0
2014-02-21,266.0,270.0,263.0,265.0,7000.0
2014-02-20,272.0,272.0,264.0,266.0,4000.0
2014-02-19,270.0,271.0,261.0,269.0,5700.0
2014-02-18,262.0,270.0,258.0,270.0,6400.0
2014-02-17,264.0,264.0,257.0,261.0,14900.0
2014-02-14,268.0,271.0,263.0,264.0,15600.0
2014-02-13,278.0,278.0,275.0,276.0,2800.0
2014-02-12,279.0,280.0,275.0,279.0,3500.0
2014-02-10,284.0,284.0,274.0,279.0,3500.0
2014-02-07,274.0,280.0,273.0,276.0,21000.0
2014-02-06,270.0,278.0,270.0,270.0,11500.0
2014-02-05,278.0,278.0,255.0,262.0,18000.0
2014-02-04,277.0,284.0,259.0,268.0,47500.0
2014-02-03,286.0,292.0,280.0,284.0,108900.0
2014-01-31,325.0,327.0,318.0,318.0,10800.0
2014-01-30,330.0,330.0,323.0,323.0,2600.0
2014-01-29,326.0,333.0,324.0,330.0,3200.0
2014-01-28,323.0,330.0,318.0,330.0,26100.0
2014-01-27,340.0,340.0,324.0,324.0,24100.0
2014-01-24,350.0,360.0,345.0,345.0,28000.0
2014-01-23,347.0,368.0,344.0,363.0,35800.0
2014-01-22,345.0,349.0,339.0,343.0,30000.0
2014-01-21,336.0,350.0,336.0,345.0,23500.0
2014-01-20,335.0,342.0,333.0,339.0,16700.0
2014-01-17,332.0,334.0,330.0,333.0,9200.0
2014-01-16,338.0,339.0,333.0,333.0,12000.0
2014-01-15,324.0,343.0,324.0,341.0,18700.0
2014-01-14,325.0,326.0,320.0,321.0,14900.0
2014-01-10,329.0,332.0,328.0,330.0,4800.0
2014-01-09,326.0,330.0,326.0,330.0,9900.0
2014-01-08,323.0,331.0,323.0,331.0,11000.0
2014-01-07,321.0,324.0,320.0,324.0,3300.0
2014-01-06,318.0,325.0,318.0,323.0,9500.0
2013-12-30,316.0,326.0,316.0,322.0,9900.0
2013-12-27,317.0,322.0,316.0,316.0,8300.0
2013-12-26,313.0,323.0,313.0,320.0,9400.0
2013-12-25,309.0,320.0,309.0,314.0,21700.0
2013-12-24,318.0,319.0,305.0,313.0,37800.0
2013-12-20,317.0,319.0,316.0,317.0,5400.0
2013-12-19,323.0,323.0,316.0,320.0,10800.0
2013-12-18,325.0,325.0,318.0,318.0,15000.0
2013-12-17,322.0,327.0,322.0,322.0,10100.0
2013-12-16,326.0,336.0,319.0,322.0,87100.0
2013-12-13,332.0,332.0,324.0,326.0,11600.0
2013-12-12,330.0,336.0,324.0,324.0,15200.0
2013-12-11,343.0,343.0,323.0,329.0,31700.0
2013-12-10,347.0,347.0,332.0,337.0,40400.0
2013-12-09,338.0,348.0,337.0,348.0,18200.0
2013-12-06,333.0,339.0,331.0,333.0,7600.0
2013-12-05,332.0,343.0,330.0,333.0,12400.0
2013-12-04,333.0,333.0,328.0,330.0,7800.0
2013-12-03,330.0,344.0,329.0,331.0,20800.0
2013-12-02,328.0,333.0,323.0,330.0,16200.0
2013-11-29,328.0,331.0,325.0,325.0,2600.0
2013-11-28,330.0,332.0,326.0,328.0,5400.0
2013-11-27,339.0,339.0,324.0,326.0,13100.0
2013-11-26,328.0,354.0,324.0,339.0,46700.0
2013-11-25,325.0,326.0,320.0,320.0,12300.0
2013-11-22,323.0,326.0,322.0,325.0,9500.0
2013-11-21,330.0,330.0,319.0,323.0,11400.0
2013-11-20,330.0,334.0,325.0,326.0,9600.0
2013-11-19,321.0,327.0,319.0,325.0,7200.0
2013-11-18,319.0,327.0,319.0,321.0,7200.0
2013-11-15,314.0,318.0,314.0,317.0,8300.0
2013-11-14,316.0,320.0,314.0,314.0,11000.0
2013-11-13,314.0,320.0,314.0,317.0,6100.0
2013-11-12,313.0,315.0,313.0,314.0,3600.0
2013-11-11,320.0,320.0,313.0,313.0,8200.0
2013-11-08,321.0,327.0,318.0,321.0,6000.0
2013-11-07,319.0,325.0,316.0,323.0,6500.0
2013-11-06,318.0,320.0,318.0,319.0,2900.0
2013-11-05,318.0,321.0,316.0,318.0,8600.0
2013-11-01,325.0,325.0,316.0,318.0,7000.0
2013-10-31,325.0,325.0,318.0,325.0,6700.0
2013-10-30,323.0,328.0,318.0,323.0,13900.0
2013-10-29,329.0,332.0,320.0,320.0,8900.0
2013-10-28,340.0,340.0,329.0,330.0,25600.0
2013-10-25,337.0,340.0,326.0,335.0,24500.0
2013-10-24,321.0,333.0,321.0,333.0,11500.0
2013-10-23,325.0,327.0,318.0,318.0,13700.0
2013-10-22,328.0,328.0,322.0,324.0,4900.0
2013-10-21,323.0,327.0,321.0,327.0,8100.0
2013-10-18,325.0,334.0,317.0,320.0,24400.0
2013-10-17,316.0,317.0,316.0,317.0,1500.0
2013-10-16,317.0,317.0,316.0,316.0,2800.0
2013-10-15,316.0,317.0,315.0,315.0,3400.0
2013-10-11,315.0,315.0,310.0,314.0,7500.0
2013-10-10,313.0,316.0,313.0,315.0,1900.0
2013-10-09,313.0,318.0,312.0,312.0,17400.0
2013-10-08,314.0,315.0,313.0,313.0,5000.0
2013-10-07,315.0,359.0,314.0,317.0,52100.0
2013-10-04,317.0,317.0,311.0,314.0,5400.0
2013-10-03,312.0,319.0,312.0,319.0,5000.0
2013-10-02,313.0,318.0,313.0,313.0,4800.0
2013-10-01,317.0,319.0,313.0,313.0,2900.0
2013-09-30,328.0,328.0,310.0,312.0,30400.0
2013-09-27,318.0,323.0,318.0,320.0,4400.0
2013-09-26,317.0,323.0,317.0,323.0,2100.0
2013-09-25,330.0,330.0,320.0,320.0,15700.0
2013-09-24,322.0,326.0,319.0,325.0,12600.0
2013-09-20,310.0,317.0,310.0,317.0,7400.0
2013-09-19,315.0,315.0,305.0,310.0,8600.0
2013-09-18,312.0,324.0,309.0,309.0,14400.0
2013-09-17,314.0,316.0,309.0,312.0,6400.0
2013-09-13,308.0,314.0,306.0,314.0,3700.0
2013-09-12,314.0,314.0,307.0,308.0,4100.0
2013-09-11,319.0,320.0,306.0,310.0,4900.0
2013-09-10,315.0,323.0,315.0,315.0,4700.0
2013-09-09,314.0,325.0,310.0,314.0,10200.0
2013-09-06,311.0,311.0,299.0,308.0,15300.0
2013-09-05,315.0,319.0,314.0,318.0,2400.0
2013-09-04,318.0,322.0,313.0,322.0,2300.0
2013-09-03,323.0,328.0,315.0,324.0,7200.0
2013-09-02,311.0,323.0,311.0,323.0,6300.0
2013-08-30,315.0,315.0,312.0,312.0,2000.0
2013-08-29,315.0,323.0,315.0,319.0,2300.0
2013-08-28,325.0,325.0,311.0,318.0,5700.0
2013-08-27,322.0,345.0,314.0,320.0,14200.0
2013-08-26,317.0,317.0,315.0,315.0,11200.0
2013-08-23,325.0,325.0,317.0,317.0,33200.0
2013-08-22,309.0,320.0,308.0,319.0,9700.0
2013-08-21,313.0,315.0,306.0,307.0,3600.0
2013-08-20,313.0,316.0,310.0,310.0,5000.0
2013-08-19,314.0,314.0,311.0,311.0,2600.0
2013-08-16,312.0,314.0,312.0,314.0,1100.0
2013-08-15,313.0,320.0,313.0,317.0,2600.0
2013-08-14,322.0,322.0,311.0,317.0,3400.0
2013-08-13,316.0,322.0,311.0,322.0,3000.0
2013-08-12,311.0,317.0,308.0,317.0,2300.0
2013-08-09,316.0,325.0,309.0,310.0,3800.0
2013-08-08,322.0,326.0,310.0,310.0,6800.0
2013-08-07,333.0,333.0,326.0,326.0,2100.0
2013-08-06,326.0,340.0,325.0,340.0,4400.0
2013-08-05,340.0,340.0,328.0,328.0,10100.0
2013-08-02,317.0,341.0,316.0,334.0,14600.0
2013-08-01,311.0,324.0,306.0,313.0,6900.0
2013-07-31,313.0,317.0,310.0,311.0,8500.0
2013-07-30,317.0,330.0,316.0,316.0,3900.0
2013-07-29,332.0,332.0,310.0,321.0,15600.0
2013-07-26,333.0,343.0,300.0,341.0,36400.0
2013-07-25,350.0,387.0,342.0,342.0,98500.0
2013-07-24,356.0,356.0,341.0,346.0,19000.0
2013-07-23,347.0,357.0,331.0,357.0,53200.0
2013-07-22,348.0,351.0,323.0,340.0,51700.0
2013-07-19,312.0,380.0,306.0,358.0,156600.0
2013-07-18,303.0,312.0,298.0,312.0,14500.0
2013-07-17,303.0,303.0,299.0,300.0,2000.0
2013-07-16,303.0,304.0,299.0,303.0,3100.0
2013-07-12,303.0,303.0,303.0,303.0,300.0
2013-07-11,295.0,300.0,295.0,300.0,2300.0
2013-07-10,303.0,303.0,292.0,297.0,6800.0
2013-07-09,305.0,305.0,297.0,297.0,10100.0
2013-07-08,309.0,309.0,300.0,300.0,17300.0
2013-07-05,295.0,309.0,295.0,308.0,4800.0
2013-07-04,295.0,305.0,292.0,300.0,8800.0
2013-07-03,305.0,311.0,298.0,300.0,15300.0
2013-07-02,310.0,310.0,304.0,305.0,4000.0
2013-07-01,305.0,310.0,303.0,306.0,2400.0
2013-06-28,285.0,307.0,285.0,300.0,7500.0
2013-06-27,285.0,288.0,275.0,288.0,6200.0
2013-06-26,294.0,299.0,272.0,280.0,43200.0
2013-06-25,311.0,315.0,298.0,299.0,11300.0
2013-06-24,309.0,310.0,304.0,304.0,3200.0
2013-06-21,302.0,309.0,300.0,307.0,2500.0
2013-06-20,320.0,320.0,305.0,309.0,3900.0
2013-06-19,305.0,320.0,305.0,309.0,5500.0
2013-06-18,301.0,315.0,296.0,300.0,3900.0
2013-06-17,295.0,309.0,295.0,303.0,3500.0
2013-06-14,296.0,302.0,295.0,302.0,3300.0
2013-06-13,298.0,301.0,295.0,296.0,1400.0
2013-06-12,293.0,305.0,293.0,298.0,5000.0
2013-06-11,303.0,315.0,301.0,303.0,6600.0
2013-06-10,301.0,303.0,297.0,300.0,15200.0
2013-06-07,308.0,308.0,260.0,285.0,33600.0
2013-06-06,320.0,320.0,295.0,308.0,11500.0
2013-06-05,319.0,327.0,319.0,321.0,5400.0
2013-06-04,321.0,323.0,316.0,323.0,7600.0
2013-06-03,331.0,331.0,321.0,322.0,4800.0
2013-05-31,332.0,335.0,332.0,332.0,4000.0
2013-05-30,340.0,341.0,333.0,333.0,7100.0
2013-05-29,344.0,344.0,339.0,341.0,4900.0
2013-05-28,322.0,337.0,320.0,337.0,4600.0
2013-05-27,330.0,347.0,324.0,324.0,16900.0
2013-05-24,357.0,358.0,327.0,330.0,34900.0
2013-05-23,359.0,364.0,307.0,321.0,33100.0
2013-05-22,364.0,370.0,362.0,363.0,6900.0
2013-05-21,368.0,374.0,361.0,361.0,14800.0
2013-05-20,368.0,370.0,364.0,368.0,9200.0
2013-05-17,343.0,357.0,343.0,353.0,10100.0
2013-05-16,379.0,379.0,342.0,345.0,28800.0
2013-05-15,387.0,394.0,371.0,372.0,29600.0
2013-05-14,408.0,408.0,380.0,390.0,26100.0
2013-05-13,420.0,420.0,399.0,405.0,21700.0
2013-05-10,414.0,425.0,392.0,410.0,54300.0
2013-05-09,450.0,459.0,440.0,442.0,26700.0
2013-05-08,460.0,470.0,438.0,450.0,91200.0
2013-05-07,438.0,460.0,434.0,449.0,88300.0
2013-05-02,420.0,433.0,414.0,430.0,44500.0
2013-05-01,445.0,445.0,413.0,420.0,60000.0
2013-04-30,400.0,450.0,398.0,439.0,115300.0
2013-04-26,365.0,415.0,360.0,390.0,80000.0
2013-04-25,350.0,365.0,343.0,365.0,32600.0
2013-04-24,355.0,357.0,345.0,354.0,9800.0
2013-04-23,365.0,365.0,344.0,355.0,29600.0
2013-04-22,360.0,370.0,349.0,359.0,67400.0
2013-04-19,326.0,358.0,324.0,349.0,67300.0
2013-04-18,310.0,320.0,309.0,320.0,15600.0
2013-04-17,306.0,314.0,306.0,308.0,10000.0
2013-04-16,313.0,315.0,306.0,311.0,11300.0
2013-04-15,314.0,314.0,305.0,313.0,10300.0
2013-04-12,310.0,315.0,300.0,315.0,25000.0
2013-04-11,316.0,318.0,292.0,310.0,59300.0
2013-04-10,335.0,336.0,321.0,322.0,55900.0
2013-04-09,345.0,350.0,330.0,330.0,127800.0
2013-04-08,328.0,340.0,308.0,331.0,123800.0
2013-04-05,296.0,310.0,291.0,309.0,41100.0
2013-04-04,288.0,296.0,283.0,296.0,14800.0
2013-04-03,300.0,300.0,291.0,295.0,3400.0
2013-04-02,285.0,295.0,282.0,295.0,19300.0
2013-04-01,308.0,308.0,290.0,290.0,12800.0
2013-03-29,295.0,305.0,295.0,305.0,9200.0
2013-03-28,299.0,305.0,298.0,299.0,18600.0
2013-03-27,304.0,320.0,298.0,305.0,28800.0
2013-03-26,310.0,310.0,295.0,300.0,18700.0
2013-03-25,313.0,313.0,305.0,305.0,18300.0
2013-03-22,314.0,314.0,306.0,310.0,10400.0
2013-03-21,303.0,315.0,303.0,315.0,13600.0
2013-03-19,300.0,303.0,299.0,302.0,8700.0
2013-03-18,300.0,304.0,297.0,301.0,10400.0
2013-03-15,294.0,304.0,294.0,300.0,11100.0
2013-03-14,304.0,305.0,296.0,301.0,3300.0
2013-03-13,292.0,300.0,292.0,295.0,7700.0
2013-03-12,300.0,305.0,297.0,297.0,19400.0
2013-03-11,313.0,315.0,300.0,302.0,31900.0
2013-03-08,311.0,323.0,310.0,313.0,27500.0
2013-03-07,305.0,338.0,303.0,307.0,67100.0
2013-03-06,303.0,303.0,291.0,300.0,32000.0
2013-03-05,300.0,309.0,286.0,298.0,97500.0
2013-03-04,274.0,293.0,274.0,280.0,24600.0
2013-03-01,265.0,275.0,265.0,271.0,23300.0
2013-02-28,260.0,265.0,260.0,265.0,3700.0
2013-02-27,265.0,265.0,259.0,259.0,5900.0
2013-02-26,265.0,265.0,260.0,264.0,9600.0
2013-02-25,258.0,265.0,258.0,260.0,25200.0
2013-02-22,263.0,263.0,255.0,262.0,4700.0
2013-02-21,265.0,266.0,259.0,262.0,5600.0
2013-02-20,251.0,265.0,251.0,264.0,8500.0
2013-02-19,248.0,250.0,248.0,250.0,1000.0
2013-02-18,244.0,255.0,244.0,252.0,7200.0
2013-02-15,251.0,251.0,244.0,244.0,4200.0
2013-02-14,261.0,261.0,254.0,254.0,7700.0
2013-02-13,269.0,269.0,260.0,261.0,5800.0
2013-02-12,270.0,274.0,264.0,269.0,5200.0
2013-02-08,272.0,272.0,262.0,267.0,2600.0
2013-02-07,268.0,268.0,265.0,267.0,1800.0
2013-02-06,266.0,270.0,265.0,268.0,4200.0
2013-02-05,270.0,270.0,265.0,265.0,23200.0
2013-02-04,276.0,276.0,267.0,270.0,12200.0
2013-02-01,270.0,280.0,266.0,273.0,18000.0
2013-01-31,282.0,283.0,270.0,280.0,15400.0
2013-01-30,273.0,282.0,268.0,276.0,9300.0
2013-01-29,266.0,281.0,266.0,270.0,17000.0
2013-01-28,271.0,271.0,266.0,270.0,9100.0
2013-01-25,269.0,270.0,265.0,266.0,18700.0
2013-01-24,268.0,269.0,260.0,268.0,6000.0
2013-01-23,264.0,272.0,263.0,265.0,18900.0
2013-01-22,254.0,278.0,254.0,272.0,26400.0
2013-01-21,252.0,254.0,249.0,254.0,7700.0
2013-01-18,253.0,255.0,248.0,252.0,13000.0
2013-01-17,252.0,253.0,248.0,248.0,2700.0
2013-01-16,251.0,251.0,249.0,249.0,2200.0
2013-01-15,250.0,254.0,249.0,254.0,7100.0
2013-01-11,249.0,249.0,246.0,249.0,2600.0
2013-01-10,245.0,246.0,244.0,244.0,1500.0
2013-01-09,249.0,249.0,244.0,244.0,2500.0
2013-01-08,251.0,255.0,247.0,247.0,7500.0
2013-01-07,252.0,255.0,252.0,254.0,3800.0
2013-01-04,255.0,263.0,254.0,257.0,15100.0
2012-12-28,240.0,255.0,238.0,255.0,17500.0
2012-12-27,239.0,239.0,238.0,239.0,4600.0
2012-12-26,240.0,240.0,237.0,237.0,8300.0
2012-12-25,234.0,244.0,234.0,238.0,31600.0
2012-12-21,235.0,235.0,234.0,234.0,3200.0
2012-12-20,234.0,234.0,233.0,234.0,8000.0
2012-12-19,235.0,235.0,233.0,234.0,2300.0
2012-12-18,232.0,234.0,232.0,234.0,2000.0
2012-12-17,233.0,235.0,233.0,235.0,2800.0
2012-12-14,232.0,232.0,230.0,231.0,7800.0
2012-12-13,235.0,235.0,231.0,232.0,700.0
2012-12-12,237.0,237.0,230.0,235.0,2100.0
2012-12-11,233.0,235.0,233.0,233.0,6100.0
2012-12-10,235.0,236.0,234.0,236.0,13000.0
2012-12-07,233.0,235.0,233.0,235.0,4200.0
2012-12-06,233.0,239.0,233.0,233.0,4000.0
2012-12-05,234.0,238.0,232.0,233.0,3100.0
2012-12-04,234.0,235.0,233.0,235.0,1900.0
2012-12-03,237.0,237.0,233.0,235.0,7900.0
2012-11-30,240.0,240.0,237.0,237.0,1100.0
2012-11-29,240.0,242.0,238.0,240.0,1700.0
2012-11-28,240.0,241.0,238.0,238.0,1300.0
2012-11-27,,,,,0.0
2012-11-26,239.0,239.0,238.0,239.0,900.0
2012-11-22,239.0,245.0,238.0,241.0,14400.0
2012-11-21,235.0,240.0,232.0,240.0,4800.0
2012-11-20,232.0,234.0,232.0,234.0,2600.0
2012-11-19,234.0,235.0,230.0,232.0,7000.0
2012-11-16,234.0,235.0,234.0,235.0,3000.0
2012-11-15,229.0,235.0,229.0,232.0,1200.0
2012-11-14,229.0,232.0,226.0,229.0,3300.0
2012-11-13,234.0,235.0,232.0,232.0,4200.0
2012-11-12,240.0,240.0,235.0,235.0,3100.0
2012-11-09,240.0,240.0,240.0,240.0,100.0
2012-11-08,234.0,243.0,234.0,240.0,2300.0
2012-11-07,235.0,239.0,235.0,239.0,1300.0
2012-11-06,240.0,243.0,235.0,240.0,8300.0
2012-11-05,240.0,244.0,234.0,236.0,3400.0
2012-11-02,236.0,239.0,236.0,239.0,3300.0
2012-11-01,237.0,238.0,235.0,238.0,5500.0
2012-10-31,236.0,238.0,233.0,238.0,9300.0
2012-10-30,236.0,238.0,236.0,237.0,6000.0
2012-10-29,240.0,242.0,240.0,242.0,2100.0
2012-10-26,244.0,244.0,242.0,243.0,1400.0
2012-10-25,243.0,244.0,242.0,244.0,11400.0
2012-10-24,242.0,244.0,242.0,243.0,2400.0
2012-10-23,242.0,242.0,242.0,242.0,2500.0
2012-10-22,241.0,243.0,241.0,243.0,2200.0
2012-10-19,242.0,243.0,240.0,240.0,6000.0
2012-10-18,244.0,246.0,243.0,246.0,900.0
2012-10-17,242.0,244.0,240.0,244.0,4200.0
2012-10-16,241.0,242.0,241.0,242.0,1300.0
2012-10-15,248.0,248.0,242.0,242.0,1000.0
2012-10-12,245.0,250.0,243.0,243.0,1200.0
2012-10-11,242.0,242.0,242.0,242.0,100.0
2012-10-10,243.0,244.0,243.0,244.0,1300.0
2012-10-09,243.0,243.0,243.0,243.0,400.0
2012-10-05,247.0,247.0,242.0,242.0,1600.0
2012-10-04,242.0,242.0,242.0,242.0,100.0
2012-10-03,241.0,242.0,241.0,242.0,600.0
2012-10-02,243.0,244.0,240.0,244.0,2400.0
2012-10-01,,,,,0.0
2012-09-28,247.0,249.0,244.0,244.0,400.0
2012-09-27,247.0,250.0,244.0,248.0,3000.0
2012-09-26,253.0,253.0,248.0,249.0,800.0
2012-09-25,243.0,256.0,243.0,253.0,10500.0
2012-09-24,249.0,249.0,235.0,245.0,7700.0
2012-09-21,247.0,248.0,247.0,248.0,2400.0
2012-09-20,244.0,247.0,244.0,247.0,1700.0
2012-09-19,248.0,248.0,243.0,247.0,4300.0
2012-09-18,247.0,248.0,247.0,247.0,1300.0
2012-09-14,248.0,248.0,248.0,248.0,300.0
2012-09-13,248.0,250.0,247.0,248.0,700.0
2012-09-12,248.0,248.0,248.0,248.0,500.0
2012-09-11,249.0,249.0,248.0,248.0,200.0
2012-09-10,248.0,250.0,248.0,249.0,1600.0
2012-09-07,245.0,245.0,243.0,245.0,900.0
2012-09-06,244.0,245.0,239.0,244.0,3900.0
2012-09-05,242.0,244.0,238.0,244.0,400.0
2012-09-04,245.0,258.0,243.0,243.0,4600.0
2012-09-03,243.0,249.0,233.0,243.0,4200.0
2012-08-31,250.0,250.0,241.0,243.0,3400.0
2012-08-30,254.0,255.0,245.0,245.0,2900.0
2012-08-29,,,,,0.0
2012-08-28,255.0,255.0,247.0,249.0,900.0
2012-08-27,249.0,255.0,249.0,255.0,700.0
2012-08-24,264.0,268.0,249.0,249.0,14500.0
2012-08-23,259.0,262.0,259.0,260.0,2700.0
