Date,Open,High,Low,Close,Volume
2017-03-30,2763.0,2820.0,2725.0,2745.0,1477000.0
2017-03-29,2760.0,2769.0,2690.0,2765.0,1111800.0
2017-03-28,2672.5,2690.0,2662.5,2690.0,753600.0
2017-03-27,2660.0,2672.5,2637.5,2652.5,477200.0
2017-03-24,2647.5,2697.5,2645.0,2682.5,699600.0
2017-03-23,2642.5,2662.5,2615.0,2647.5,710400.0
2017-03-22,2627.5,2682.5,2625.0,2655.0,1424400.0
2017-03-21,2682.5,2697.5,2670.0,2695.0,700400.0
2017-03-17,2667.5,2687.5,2655.0,2682.5,636400.0
2017-03-16,2667.5,2687.5,2645.0,2685.0,696400.0
2017-03-15,2672.5,2695.0,2667.5,2675.0,724800.0
2017-03-14,2650.0,2665.0,2607.5,2665.0,1172000.0
2017-03-13,2645.0,2665.0,2617.5,2625.0,1650800.0
2017-03-10,2685.0,2712.5,2665.0,2670.0,1547600.0
2017-03-09,2647.5,2682.5,2632.5,2662.5,1044800.0
2017-03-08,2597.5,2657.5,2580.0,2647.5,1732800.0
2017-03-07,2575.0,2590.0,2552.5,2587.5,1063600.0
2017-03-06,2562.5,2590.0,2552.5,2575.0,986400.0
2017-03-03,2547.5,2622.5,2547.5,2572.5,2541200.0
2017-03-02,2505.0,2562.5,2500.0,2542.5,2558800.0
2017-03-01,2450.0,2542.5,2412.5,2467.5,6586000.0
2017-02-28,2725.0,2730.0,2675.0,2682.5,1873600.0
2017-02-27,2740.0,2770.0,2727.5,2730.0,974400.0
2017-02-24,2762.5,2792.5,2745.0,2765.0,866000.0
2017-02-23,2757.5,2832.5,2755.0,2790.0,1272000.0
2017-02-22,2737.5,2785.0,2720.0,2757.5,908000.0
2017-02-21,2740.0,2745.0,2722.5,2742.5,684800.0
2017-02-20,2795.0,2807.5,2725.0,2730.0,1120400.0
2017-02-17,2682.5,2805.0,2655.0,2792.5,2299200.0
2017-02-16,2625.0,2710.0,2600.0,2690.0,2633200.0
2017-02-15,2687.5,2690.0,2450.0,2585.0,4680400.0
2017-02-14,10380.0,10510.0,10160.0,10390.0,555400.0
2017-02-13,10720.0,10730.0,10480.0,10490.0,407300.0
2017-02-10,10880.0,10880.0,10590.0,10720.0,298000.0
2017-02-09,10820.0,10880.0,10820.0,10840.0,143400.0
2017-02-08,10840.0,10900.0,10810.0,10840.0,127700.0
2017-02-07,10790.0,10880.0,10770.0,10820.0,215300.0
2017-02-06,10750.0,10820.0,10610.0,10810.0,166100.0
2017-02-03,10720.0,10770.0,10650.0,10680.0,207700.0
2017-02-02,10770.0,10850.0,10700.0,10720.0,242500.0
2017-02-01,10730.0,10770.0,10670.0,10740.0,214800.0
2017-01-31,10690.0,10780.0,10650.0,10720.0,334800.0
2017-01-30,10740.0,10750.0,10510.0,10690.0,308000.0
2017-01-27,10680.0,10840.0,10630.0,10720.0,373800.0
2017-01-26,10560.0,10630.0,10500.0,10580.0,238800.0
2017-01-25,10480.0,10550.0,10360.0,10540.0,220000.0
2017-01-24,10240.0,10410.0,10170.0,10320.0,304900.0
2017-01-23,10340.0,10340.0,10190.0,10190.0,297200.0
2017-01-20,10200.0,10320.0,10140.0,10270.0,226800.0
2017-01-19,10330.0,10370.0,10240.0,10270.0,291500.0
2017-01-18,10260.0,10350.0,10150.0,10280.0,202000.0
2017-01-17,10290.0,10340.0,10170.0,10190.0,231300.0
2017-01-16,10280.0,10500.0,10280.0,10380.0,239200.0
2017-01-13,10300.0,10560.0,10280.0,10400.0,328700.0
2017-01-12,10270.0,10350.0,10160.0,10250.0,476800.0
2017-01-11,10510.0,10750.0,10460.0,10510.0,439400.0
2017-01-10,10700.0,10850.0,10460.0,10520.0,745200.0
2017-01-06,10150.0,10720.0,10150.0,10650.0,753300.0
2017-01-05,9880.0,10250.0,9820.0,10190.0,507700.0
2017-01-04,9800.0,9890.0,9800.0,9810.0,245100.0
2016-12-30,9550.0,9700.0,9500.0,9650.0,275600.0
2016-12-29,9480.0,9580.0,9430.0,9550.0,225300.0
2016-12-28,9520.0,9600.0,9450.0,9550.0,244900.0
2016-12-27,9770.0,9840.0,9660.0,9690.0,337000.0
2016-12-26,9660.0,9810.0,9640.0,9760.0,254400.0
2016-12-22,9500.0,9630.0,9470.0,9630.0,326700.0
2016-12-21,9600.0,9680.0,9510.0,9520.0,342500.0
2016-12-20,9470.0,9660.0,9470.0,9630.0,413600.0
2016-12-19,9150.0,9560.0,9150.0,9520.0,585200.0
2016-12-16,8980.0,9110.0,8920.0,9070.0,550300.0
2016-12-15,8880.0,8970.0,8860.0,8910.0,178300.0
2016-12-14,8880.0,8910.0,8810.0,8890.0,220300.0
2016-12-13,8810.0,8980.0,8800.0,8930.0,311200.0
2016-12-12,8630.0,8820.0,8570.0,8790.0,448600.0
2016-12-09,8470.0,8590.0,8430.0,8560.0,216400.0
2016-12-08,8510.0,8640.0,8510.0,8550.0,360800.0
2016-12-07,8620.0,8680.0,8510.0,8600.0,350400.0
2016-12-06,8800.0,8810.0,8680.0,8740.0,186800.0
2016-12-05,8700.0,8800.0,8680.0,8720.0,230000.0
2016-12-02,8790.0,8790.0,8630.0,8680.0,277800.0
2016-12-01,8920.0,8940.0,8740.0,8810.0,324500.0
2016-11-30,8980.0,8980.0,8820.0,8870.0,391000.0
2016-11-29,8950.0,9030.0,8930.0,8970.0,476400.0
2016-11-28,8890.0,9000.0,8870.0,8920.0,310200.0
2016-11-25,8840.0,8860.0,8720.0,8860.0,346200.0
2016-11-24,8700.0,8900.0,8640.0,8850.0,451800.0
2016-11-22,8590.0,8650.0,8500.0,8590.0,357400.0
2016-11-21,8350.0,8720.0,8330.0,8610.0,636700.0
2016-11-18,8550.0,8640.0,8130.0,8310.0,705500.0
2016-11-17,7800.0,8030.0,7800.0,7950.0,344700.0
2016-11-16,7780.0,7870.0,7670.0,7860.0,450300.0
2016-11-15,7650.0,7730.0,7510.0,7730.0,277000.0
2016-11-14,7660.0,7700.0,7560.0,7630.0,369100.0
2016-11-11,7920.0,7930.0,7570.0,7610.0,409800.0
2016-11-10,8070.0,8100.0,7920.0,7960.0,360000.0
2016-11-09,7960.0,8050.0,7720.0,7860.0,484400.0
2016-11-08,8020.0,8030.0,7910.0,7940.0,196100.0
2016-11-07,8060.0,8140.0,8010.0,8080.0,290000.0
2016-11-04,7970.0,8020.0,7860.0,7930.0,410100.0
2016-11-02,8120.0,8140.0,7890.0,7960.0,531000.0
2016-11-01,8140.0,8310.0,8140.0,8190.0,652300.0
2016-10-31,8750.0,8800.0,8610.0,8740.0,232900.0
2016-10-28,8770.0,8790.0,8710.0,8780.0,221500.0
2016-10-27,8800.0,8840.0,8710.0,8780.0,259900.0
2016-10-26,8830.0,8880.0,8760.0,8800.0,214700.0
2016-10-25,8900.0,8920.0,8830.0,8870.0,119800.0
2016-10-24,8880.0,8930.0,8850.0,8900.0,76100.0
2016-10-21,8930.0,8950.0,8770.0,8810.0,208600.0
2016-10-20,9150.0,9170.0,8910.0,8960.0,243300.0
2016-10-19,9090.0,9160.0,9030.0,9150.0,209600.0
2016-10-18,8910.0,9080.0,8890.0,9010.0,184600.0
2016-10-17,8910.0,8910.0,8870.0,8900.0,155200.0
2016-10-14,8870.0,8930.0,8860.0,8900.0,171500.0
2016-10-13,8850.0,8890.0,8790.0,8850.0,255700.0
2016-10-12,8830.0,8910.0,8760.0,8850.0,236700.0
2016-10-11,8900.0,8940.0,8790.0,8900.0,191200.0
2016-10-07,9100.0,9100.0,8870.0,8900.0,222500.0
2016-10-06,9200.0,9220.0,9100.0,9180.0,110800.0
2016-10-05,9290.0,9290.0,9170.0,9200.0,191800.0
2016-10-04,9260.0,9370.0,9150.0,9210.0,215200.0
2016-10-03,9040.0,9200.0,9040.0,9190.0,157300.0
2016-09-30,8850.0,9050.0,8810.0,9010.0,163600.0
2016-09-29,9120.0,9160.0,8880.0,8940.0,208200.0
2016-09-28,9050.0,9190.0,9030.0,9090.0,92700.0
2016-09-27,8880.0,9090.0,8830.0,9090.0,142200.0
2016-09-26,9060.0,9090.0,8900.0,8930.0,139000.0
2016-09-23,8820.0,9040.0,8780.0,9030.0,202200.0
2016-09-21,8730.0,8880.0,8650.0,8880.0,223000.0
2016-09-20,8830.0,8940.0,8790.0,8860.0,104800.0
2016-09-16,8890.0,8910.0,8720.0,8910.0,141300.0
2016-09-15,8930.0,8930.0,8790.0,8800.0,103500.0
2016-09-14,8710.0,8860.0,8710.0,8780.0,132900.0
2016-09-13,8610.0,8820.0,8580.0,8800.0,123300.0
2016-09-12,8660.0,8810.0,8600.0,8760.0,118100.0
2016-09-09,8930.0,8950.0,8740.0,8760.0,175700.0
2016-09-08,8770.0,9010.0,8710.0,8970.0,361900.0
2016-09-07,8730.0,8840.0,8670.0,8750.0,199600.0
2016-09-06,8350.0,8790.0,8350.0,8780.0,369300.0
2016-09-05,8430.0,8470.0,8220.0,8280.0,242200.0
2016-09-02,8360.0,8450.0,8290.0,8310.0,245400.0
2016-09-01,8150.0,8300.0,8070.0,8300.0,158400.0
2016-08-31,8250.0,8280.0,8120.0,8260.0,177400.0
2016-08-30,8250.0,8250.0,8070.0,8220.0,184000.0
2016-08-29,8600.0,8600.0,8310.0,8350.0,136200.0
2016-08-26,8400.0,8540.0,8370.0,8460.0,195800.0
2016-08-25,8700.0,8720.0,8360.0,8390.0,281900.0
2016-08-24,8670.0,8690.0,8540.0,8660.0,127700.0
2016-08-23,8440.0,8600.0,8420.0,8600.0,184300.0
2016-08-22,8440.0,8590.0,8380.0,8460.0,213000.0
2016-08-19,8650.0,8670.0,8230.0,8330.0,433300.0
2016-08-18,8800.0,8930.0,8660.0,8720.0,390900.0
2016-08-17,9110.0,9110.0,8850.0,8900.0,561500.0
2016-08-16,9160.0,9160.0,9030.0,9070.0,172000.0
2016-08-15,9170.0,9210.0,9090.0,9120.0,161200.0
2016-08-12,9010.0,9160.0,8920.0,9160.0,327100.0
2016-08-10,8770.0,8910.0,8630.0,8840.0,240100.0
2016-08-09,8640.0,8740.0,8520.0,8720.0,345100.0
2016-08-08,8940.0,8950.0,8530.0,8640.0,403600.0
2016-08-05,8880.0,9020.0,8650.0,8800.0,351800.0
2016-08-04,9300.0,9300.0,8860.0,8880.0,620100.0
2016-08-03,9360.0,9490.0,9160.0,9340.0,477400.0
2016-08-02,9800.0,10020.0,9490.0,9510.0,545700.0
2016-08-01,10160.0,10320.0,10040.0,10310.0,204800.0
2016-07-29,10050.0,10180.0,9920.0,10160.0,194900.0
2016-07-28,10080.0,10090.0,9800.0,9970.0,399900.0
2016-07-27,10320.0,10410.0,10230.0,10300.0,240100.0
2016-07-26,10200.0,10340.0,10160.0,10280.0,218600.0
2016-07-25,10190.0,10300.0,10110.0,10190.0,181300.0
2016-07-22,10150.0,10370.0,10090.0,10290.0,187200.0
2016-07-21,10460.0,10470.0,10220.0,10330.0,213100.0
2016-07-20,10040.0,10420.0,10020.0,10410.0,207200.0
2016-07-19,10060.0,10210.0,9890.0,10030.0,463200.0
2016-07-15,10960.0,11410.0,10010.0,10230.0,887900.0
2016-07-14,9650.0,10060.0,9550.0,9930.0,417800.0
2016-07-13,9660.0,9700.0,9430.0,9510.0,318900.0
2016-07-12,9900.0,9900.0,9530.0,9570.0,278300.0
2016-07-11,9810.0,9910.0,9740.0,9750.0,243800.0
2016-07-08,9770.0,9840.0,9650.0,9700.0,239900.0
2016-07-07,9940.0,9950.0,9530.0,9690.0,275700.0
2016-07-06,9830.0,9960.0,9670.0,9850.0,302400.0
2016-07-05,10000.0,10090.0,9880.0,10090.0,172200.0
2016-07-04,9930.0,10000.0,9870.0,9980.0,169400.0
2016-07-01,9630.0,9960.0,9550.0,9960.0,335200.0
2016-06-30,9430.0,9630.0,9370.0,9550.0,301700.0
2016-06-29,9600.0,9600.0,9140.0,9250.0,433900.0
2016-06-28,8990.0,9210.0,8900.0,9150.0,396700.0
2016-06-27,9040.0,9300.0,9040.0,9210.0,258400.0
2016-06-24,9240.0,9280.0,8690.0,9020.0,263500.0
2016-06-23,9420.0,9420.0,9100.0,9220.0,221100.0
2016-06-22,9080.0,9160.0,8990.0,9120.0,159500.0
2016-06-21,8970.0,9130.0,8760.0,9130.0,270700.0
2016-06-20,9110.0,9160.0,9010.0,9080.0,200700.0
2016-06-17,9220.0,9280.0,9010.0,9010.0,164000.0
2016-06-16,9330.0,9400.0,9050.0,9070.0,207500.0
2016-06-15,9360.0,9600.0,9220.0,9420.0,381900.0
2016-06-14,9340.0,9400.0,9120.0,9220.0,200500.0
2016-06-13,9330.0,9390.0,9300.0,9340.0,236900.0
2016-06-10,9560.0,9560.0,9440.0,9520.0,177700.0
2016-06-09,9570.0,9640.0,9480.0,9500.0,183500.0
2016-06-08,9530.0,9630.0,9370.0,9530.0,189900.0
2016-06-07,9510.0,9540.0,9390.0,9500.0,222200.0
2016-06-06,9530.0,9580.0,9360.0,9460.0,189300.0
2016-06-03,9420.0,9610.0,9420.0,9500.0,197800.0
2016-06-02,9520.0,9580.0,9430.0,9480.0,299800.0
2016-06-01,9460.0,9630.0,9420.0,9500.0,345000.0
2016-05-31,9640.0,9660.0,9460.0,9600.0,1853800.0
2016-05-30,9360.0,9630.0,9280.0,9600.0,335400.0
2016-05-27,9350.0,9380.0,9220.0,9270.0,163900.0
2016-05-26,9270.0,9310.0,9130.0,9240.0,210400.0
2016-05-25,9180.0,9300.0,9090.0,9280.0,290300.0
2016-05-24,9070.0,9160.0,9040.0,9080.0,211200.0
2016-05-23,9200.0,9240.0,8960.0,9060.0,213700.0
2016-05-20,9280.0,9460.0,9240.0,9280.0,173500.0
2016-05-19,9210.0,9310.0,9130.0,9260.0,198500.0
2016-05-18,9150.0,9230.0,9070.0,9130.0,279100.0
2016-05-17,9320.0,9320.0,9150.0,9190.0,226700.0
2016-05-16,9520.0,9640.0,9300.0,9330.0,252700.0
2016-05-13,9320.0,9710.0,9210.0,9580.0,543400.0
2016-05-12,9140.0,9270.0,9110.0,9230.0,195900.0
2016-05-11,9470.0,9470.0,9180.0,9230.0,281800.0
2016-05-10,9200.0,9360.0,9190.0,9320.0,282800.0
2016-05-09,9090.0,9180.0,8960.0,9150.0,215600.0
2016-05-06,9160.0,9180.0,8900.0,8940.0,544800.0
2016-05-02,8670.0,8710.0,8500.0,8560.0,388200.0
2016-04-28,8810.0,8910.0,8690.0,8790.0,326500.0
2016-04-27,8950.0,8970.0,8790.0,8810.0,233400.0
2016-04-26,8970.0,9050.0,8820.0,8920.0,178500.0
2016-04-25,8940.0,8990.0,8820.0,8950.0,161900.0
2016-04-22,9120.0,9170.0,8810.0,8910.0,349900.0
2016-04-21,9380.0,9390.0,9220.0,9300.0,156300.0
2016-04-20,9400.0,9460.0,9290.0,9320.0,156500.0
2016-04-19,9260.0,9490.0,9250.0,9390.0,233800.0
2016-04-18,9050.0,9180.0,9010.0,9100.0,243300.0
2016-04-15,9130.0,9340.0,9100.0,9310.0,201300.0
2016-04-14,9480.0,9480.0,9170.0,9260.0,277300.0
2016-04-13,9080.0,9350.0,9060.0,9330.0,310200.0
2016-04-12,9060.0,9210.0,8980.0,9080.0,391000.0
2016-04-11,9280.0,9380.0,9080.0,9180.0,347500.0
2016-04-08,9230.0,9550.0,9170.0,9470.0,222200.0
2016-04-07,9260.0,9470.0,9210.0,9420.0,205300.0
2016-04-06,9210.0,9340.0,9060.0,9330.0,275600.0
2016-04-05,9160.0,9480.0,9160.0,9300.0,456600.0
2016-04-04,9140.0,9380.0,9140.0,9250.0,265000.0
2016-04-01,9360.0,9400.0,9180.0,9200.0,215600.0
2016-03-31,9570.0,9590.0,9290.0,9330.0,325100.0
2016-03-30,9560.0,9780.0,9540.0,9630.0,185900.0
2016-03-29,9540.0,9760.0,9510.0,9550.0,224200.0
2016-03-28,9450.0,9530.0,9370.0,9530.0,176600.0
2016-03-25,9480.0,9520.0,9340.0,9390.0,268000.0
2016-03-24,9240.0,9540.0,9150.0,9500.0,345100.0
2016-03-23,9170.0,9310.0,9160.0,9240.0,309100.0
2016-03-22,8980.0,9180.0,8890.0,9160.0,345200.0
2016-03-18,8950.0,9120.0,8870.0,9060.0,415200.0
2016-03-17,8750.0,8980.0,8670.0,8980.0,336200.0
2016-03-16,8590.0,8800.0,8590.0,8700.0,172600.0
2016-03-15,8520.0,8600.0,8450.0,8580.0,201000.0
2016-03-14,8490.0,8540.0,8400.0,8520.0,146000.0
2016-03-11,8290.0,8480.0,8250.0,8410.0,285900.0
2016-03-10,8060.0,8320.0,8040.0,8300.0,241400.0
2016-03-09,7920.0,8010.0,7830.0,7980.0,186200.0
2016-03-08,8000.0,8080.0,7870.0,8010.0,198900.0
2016-03-07,8260.0,8290.0,7920.0,8030.0,214600.0
2016-03-04,8350.0,8380.0,8140.0,8250.0,231700.0
2016-03-03,8570.0,8620.0,8310.0,8460.0,236800.0
2016-03-02,8530.0,8670.0,8440.0,8620.0,168500.0
2016-03-01,8200.0,8460.0,8200.0,8360.0,154900.0
2016-02-29,8500.0,8500.0,8300.0,8300.0,112100.0
2016-02-26,8360.0,8490.0,8360.0,8430.0,115100.0
2016-02-25,8300.0,8460.0,8280.0,8350.0,347100.0
2016-02-24,8370.0,8530.0,8290.0,8360.0,236300.0
2016-02-23,8590.0,8590.0,8340.0,8520.0,261200.0
2016-02-22,8200.0,8630.0,8200.0,8600.0,289200.0
2016-02-19,7910.0,8220.0,7910.0,8200.0,211800.0
2016-02-18,8100.0,8190.0,7910.0,7980.0,290100.0
2016-02-17,7960.0,8040.0,7730.0,8000.0,320400.0
2016-02-16,7920.0,8170.0,7660.0,7960.0,515300.0
2016-02-15,7470.0,7470.0,7130.0,7330.0,340600.0
2016-02-12,7010.0,7070.0,6760.0,6860.0,359200.0
2016-02-10,7610.0,7720.0,7230.0,7350.0,230900.0
2016-02-09,7700.0,7800.0,7530.0,7620.0,201700.0
2016-02-08,7740.0,8020.0,7670.0,7950.0,281400.0
2016-02-05,7910.0,7960.0,7720.0,7930.0,282000.0
2016-02-04,8300.0,8300.0,8040.0,8100.0,206100.0
2016-02-03,8320.0,8420.0,8200.0,8310.0,159000.0
2016-02-02,8420.0,8550.0,8360.0,8470.0,222200.0
2016-02-01,8280.0,8510.0,8250.0,8490.0,251400.0
2016-01-29,7940.0,8210.0,7840.0,8190.0,285500.0
2016-01-28,7740.0,8010.0,7730.0,7930.0,249000.0
2016-01-27,7750.0,7770.0,7650.0,7760.0,235500.0
2016-01-26,7550.0,7630.0,7450.0,7500.0,201400.0
2016-01-25,7500.0,7670.0,7460.0,7620.0,249200.0
2016-01-22,7200.0,7370.0,7030.0,7350.0,314000.0
2016-01-21,6960.0,7080.0,6840.0,6860.0,441400.0
2016-01-20,7100.0,7230.0,6980.0,7030.0,254100.0
2016-01-19,7200.0,7280.0,7060.0,7140.0,168500.0
2016-01-18,7180.0,7290.0,7150.0,7270.0,147100.0
2016-01-15,7440.0,7470.0,7260.0,7370.0,243300.0
2016-01-14,7440.0,7480.0,7190.0,7360.0,221100.0
2016-01-13,7480.0,7630.0,7460.0,7590.0,139300.0
2016-01-12,7520.0,7570.0,7350.0,7360.0,236600.0
2016-01-08,7680.0,7780.0,7560.0,7720.0,329200.0
2016-01-07,7790.0,7990.0,7750.0,7800.0,261600.0
2016-01-06,7770.0,7900.0,7690.0,7740.0,184100.0
2016-01-05,7770.0,7830.0,7620.0,7790.0,179900.0
2016-01-04,8000.0,8070.0,7800.0,7800.0,189200.0
2015-12-30,7960.0,8050.0,7830.0,8020.0,143000.0
2015-12-29,7870.0,8040.0,7770.0,7980.0,171100.0
2015-12-28,7970.0,7970.0,7580.0,7840.0,368100.0
2015-12-25,7900.0,8130.0,7900.0,8060.0,294200.0
2015-12-24,8120.0,8120.0,7890.0,7900.0,334900.0
2015-12-22,8120.0,8170.0,7990.0,8000.0,258800.0
2015-12-21,8330.0,8400.0,8020.0,8110.0,384900.0
2015-12-18,8400.0,8570.0,8240.0,8240.0,340500.0
2015-12-17,8330.0,8420.0,8250.0,8350.0,228200.0
2015-12-16,8130.0,8230.0,7990.0,8200.0,287000.0
2015-12-15,8120.0,8240.0,7990.0,7990.0,132400.0
2015-12-14,8000.0,8100.0,7930.0,8080.0,209500.0
2015-12-11,8120.0,8360.0,8120.0,8190.0,225600.0
2015-12-10,8180.0,8320.0,8130.0,8200.0,160200.0
2015-12-09,8500.0,8550.0,8290.0,8330.0,150200.0
2015-12-08,8490.0,8580.0,8450.0,8500.0,144500.0
2015-12-07,8550.0,8600.0,8500.0,8540.0,148500.0
2015-12-04,8460.0,8590.0,8380.0,8450.0,268400.0
2015-12-03,8700.0,8770.0,8650.0,8670.0,124700.0
2015-12-02,8620.0,8830.0,8590.0,8800.0,191500.0
2015-12-01,8630.0,8640.0,8550.0,8590.0,123700.0
2015-11-30,8550.0,8690.0,8510.0,8640.0,189200.0
2015-11-27,8720.0,8740.0,8490.0,8640.0,248100.0
2015-11-26,8610.0,8860.0,8560.0,8810.0,244700.0
2015-11-25,8580.0,8610.0,8460.0,8560.0,189500.0
2015-11-24,8520.0,8650.0,8510.0,8630.0,187300.0
2015-11-20,8400.0,8640.0,8350.0,8620.0,272600.0
2015-11-19,8150.0,8290.0,8130.0,8260.0,261000.0
2015-11-18,7940.0,8070.0,7900.0,8010.0,166900.0
2015-11-17,7920.0,7930.0,7800.0,7850.0,81000.0
2015-11-16,7760.0,7870.0,7730.0,7820.0,81100.0
2015-11-13,7840.0,7890.0,7760.0,7890.0,98600.0
2015-11-12,7930.0,7990.0,7880.0,7890.0,147000.0
2015-11-11,7800.0,7990.0,7780.0,7980.0,159700.0
2015-11-10,7780.0,7840.0,7720.0,7790.0,116900.0
2015-11-09,7890.0,7970.0,7820.0,7840.0,133300.0
2015-11-06,7820.0,7870.0,7740.0,7820.0,122900.0
2015-11-05,7710.0,7870.0,7680.0,7820.0,199800.0
2015-11-04,7710.0,7770.0,7660.0,7700.0,183300.0
2015-11-02,7520.0,7700.0,7450.0,7650.0,278600.0
2015-10-30,7540.0,7740.0,7540.0,7730.0,179300.0
2015-10-29,7620.0,7630.0,7530.0,7600.0,164300.0
2015-10-28,7560.0,7630.0,7510.0,7580.0,110600.0
2015-10-27,7610.0,7640.0,7560.0,7560.0,112000.0
2015-10-26,7700.0,7700.0,7540.0,7580.0,117500.0
2015-10-23,7700.0,7710.0,7600.0,7640.0,173900.0
2015-10-22,7570.0,7640.0,7520.0,7600.0,107600.0
2015-10-21,7590.0,7600.0,7440.0,7580.0,131900.0
2015-10-20,7590.0,7600.0,7510.0,7570.0,235200.0
2015-10-19,7360.0,7600.0,7340.0,7590.0,188300.0
2015-10-16,7450.0,7470.0,7320.0,7340.0,164700.0
2015-10-15,7300.0,7460.0,7300.0,7450.0,124700.0
2015-10-14,7380.0,7490.0,7330.0,7390.0,173200.0
2015-10-13,7320.0,7520.0,7320.0,7480.0,220100.0
2015-10-09,7310.0,7330.0,7200.0,7260.0,196200.0
2015-10-08,7410.0,7430.0,7200.0,7300.0,480700.0
2015-10-07,7830.0,7840.0,7530.0,7600.0,388000.0
2015-10-06,7900.0,8030.0,7890.0,7930.0,281300.0
2015-10-05,7800.0,7820.0,7690.0,7780.0,256500.0
2015-10-02,7590.0,7780.0,7530.0,7690.0,206100.0
2015-10-01,7410.0,7650.0,7330.0,7620.0,203000.0
2015-09-30,7270.0,7420.0,7220.0,7400.0,248400.0
2015-09-29,7200.0,7220.0,7090.0,7160.0,251700.0
2015-09-28,7130.0,7390.0,7060.0,7340.0,315800.0
2015-09-25,7040.0,7170.0,6820.0,6980.0,464200.0
2015-09-24,6890.0,7140.0,6890.0,7000.0,249100.0
2015-09-18,7220.0,7250.0,7060.0,7090.0,151200.0
2015-09-17,7110.0,7250.0,7000.0,7220.0,168700.0
2015-09-16,7380.0,7380.0,7000.0,7080.0,193900.0
2015-09-15,7300.0,7370.0,7220.0,7250.0,145100.0
2015-09-14,7140.0,7430.0,7130.0,7340.0,271200.0
2015-09-11,7040.0,7180.0,6950.0,7140.0,178100.0
2015-09-10,6840.0,7000.0,6820.0,6940.0,159900.0
2015-09-09,6850.0,7090.0,6750.0,7090.0,203100.0
2015-09-08,7020.0,7050.0,6660.0,6690.0,185500.0
2015-09-07,6950.0,7070.0,6840.0,6980.0,214000.0
2015-09-04,7220.0,7220.0,6940.0,6980.0,194300.0
2015-09-03,7100.0,7360.0,7090.0,7230.0,277200.0
2015-09-02,6970.0,7110.0,6850.0,7030.0,295000.0
2015-09-01,7220.0,7460.0,7050.0,7050.0,308700.0
2015-08-31,7200.0,7300.0,7150.0,7260.0,162000.0
2015-08-28,7260.0,7390.0,7130.0,7200.0,217400.0
2015-08-27,7200.0,7260.0,7040.0,7120.0,344500.0
2015-08-26,6580.0,6820.0,6560.0,6800.0,240600.0
2015-08-25,6290.0,6830.0,6230.0,6530.0,452900.0
2015-08-24,6800.0,6880.0,6590.0,6590.0,445200.0
2015-08-21,7080.0,7170.0,7020.0,7040.0,246300.0
2015-08-20,7420.0,7470.0,7230.0,7230.0,144500.0
2015-08-19,7610.0,7660.0,7430.0,7440.0,190300.0
2015-08-18,7710.0,7740.0,7540.0,7600.0,209700.0
2015-08-17,7780.0,7820.0,7650.0,7760.0,147000.0
2015-08-14,7700.0,7940.0,7670.0,7820.0,214600.0
2015-08-13,7650.0,7700.0,7380.0,7600.0,411700.0
2015-08-12,7830.0,7900.0,7670.0,7720.0,328600.0
2015-08-11,7970.0,8130.0,7890.0,7960.0,287200.0
2015-08-10,7710.0,7910.0,7670.0,7830.0,268400.0
2015-08-07,8050.0,8050.0,7750.0,7870.0,278900.0
2015-08-06,8180.0,8210.0,8030.0,8030.0,154500.0
2015-08-05,8300.0,8410.0,8020.0,8040.0,314000.0
2015-08-04,7930.0,8280.0,7900.0,8180.0,365300.0
2015-08-03,7610.0,7940.0,7590.0,7900.0,278800.0
2015-07-31,7810.0,7810.0,7530.0,7580.0,244500.0
2015-07-30,7750.0,7860.0,7660.0,7680.0,385000.0
2015-07-29,7650.0,7870.0,7620.0,7840.0,126400.0
2015-07-28,7480.0,7700.0,7410.0,7650.0,151100.0
2015-07-27,7770.0,7860.0,7560.0,7620.0,171400.0
2015-07-24,8000.0,8060.0,7650.0,7780.0,428300.0
2015-07-23,7480.0,7670.0,7460.0,7590.0,198900.0
2015-07-22,7450.0,7530.0,7400.0,7420.0,219000.0
2015-07-21,7390.0,7550.0,7350.0,7450.0,149100.0
2015-07-17,7290.0,7310.0,7240.0,7260.0,62900.0
2015-07-16,7280.0,7340.0,7200.0,7230.0,107800.0
2015-07-15,7100.0,7280.0,7090.0,7260.0,111800.0
2015-07-14,7160.0,7200.0,7030.0,7140.0,194700.0
2015-07-13,7000.0,7070.0,6910.0,7050.0,134500.0
2015-07-10,7120.0,7180.0,6880.0,6900.0,173300.0
2015-07-09,6910.0,7110.0,6670.0,7060.0,383200.0
2015-07-08,7390.0,7420.0,7090.0,7100.0,265100.0
2015-07-07,7400.0,7440.0,7280.0,7430.0,211200.0
2015-07-06,7220.0,7430.0,7200.0,7260.0,150500.0
2015-07-03,7480.0,7480.0,7270.0,7350.0,188000.0
2015-07-02,7370.0,7530.0,7340.0,7390.0,250300.0
2015-07-01,6930.0,7340.0,6900.0,7310.0,393200.0
2015-06-30,6710.0,6940.0,6710.0,6930.0,163600.0
2015-06-29,6650.0,6830.0,6620.0,6750.0,127700.0
2015-06-26,6940.0,6980.0,6860.0,6950.0,130700.0
2015-06-25,7160.0,7200.0,6980.0,6990.0,240500.0
2015-06-24,6880.0,6980.0,6840.0,6960.0,159100.0
2015-06-23,6770.0,6820.0,6730.0,6820.0,153000.0
2015-06-22,6730.0,6830.0,6680.0,6740.0,126100.0
2015-06-19,6650.0,6790.0,6650.0,6740.0,195800.0
2015-06-18,6670.0,6670.0,6540.0,6540.0,162400.0
2015-06-17,6670.0,6750.0,6670.0,6720.0,108500.0
2015-06-16,6580.0,6710.0,6520.0,6690.0,168200.0
2015-06-15,6430.0,6610.0,6410.0,6590.0,166900.0
2015-06-12,6470.0,6510.0,6390.0,6460.0,410700.0
2015-06-11,6520.0,6580.0,6480.0,6540.0,183900.0
2015-06-10,6590.0,6600.0,6430.0,6510.0,326400.0
2015-06-09,6740.0,6760.0,6670.0,6680.0,154500.0
2015-06-08,6920.0,6930.0,6810.0,6830.0,175600.0
2015-06-05,6900.0,6990.0,6890.0,6970.0,85200.0
2015-06-04,6950.0,6970.0,6900.0,6940.0,57100.0
2015-06-03,7000.0,7000.0,6900.0,6940.0,114200.0
2015-06-02,6840.0,6980.0,6840.0,6950.0,126100.0
2015-06-01,6810.0,6880.0,6770.0,6880.0,80800.0
2015-05-29,6750.0,6870.0,6710.0,6820.0,132400.0
2015-05-28,6800.0,6800.0,6680.0,6770.0,110500.0
2015-05-27,6800.0,6820.0,6680.0,6780.0,121600.0
2015-05-26,6840.0,6870.0,6780.0,6800.0,109000.0
2015-05-25,6950.0,6950.0,6820.0,6900.0,165500.0
2015-05-22,6970.0,7040.0,6820.0,6890.0,148100.0
2015-05-21,6750.0,6930.0,6750.0,6870.0,184900.0
2015-05-20,6740.0,6760.0,6670.0,6740.0,130400.0
2015-05-19,6550.0,6750.0,6540.0,6650.0,203200.0
2015-05-18,6500.0,6520.0,6420.0,6470.0,68300.0
2015-05-15,6330.0,6530.0,6320.0,6520.0,130900.0
2015-05-14,6430.0,6460.0,6290.0,6290.0,108100.0
2015-05-13,6400.0,6540.0,6350.0,6440.0,226800.0
2015-05-12,6250.0,6370.0,6250.0,6300.0,121300.0
2015-05-11,6420.0,6420.0,6250.0,6250.0,165800.0
2015-05-08,6410.0,6460.0,6320.0,6350.0,102100.0
2015-05-07,6550.0,6650.0,6390.0,6420.0,217200.0
2015-05-01,6130.0,6590.0,6130.0,6560.0,454300.0
2015-04-30,6470.0,6470.0,6160.0,6210.0,321400.0
2015-04-28,6440.0,6490.0,6390.0,6400.0,144900.0
2015-04-27,6480.0,6480.0,6320.0,6440.0,204700.0
2015-04-24,6500.0,6500.0,6320.0,6340.0,219500.0
2015-04-23,6530.0,6550.0,6430.0,6460.0,159800.0
2015-04-22,6540.0,6560.0,6350.0,6490.0,346000.0
2015-04-21,6440.0,6550.0,6440.0,6540.0,210500.0
2015-04-20,6270.0,6520.0,6210.0,6470.0,308900.0
2015-04-17,6610.0,6640.0,6280.0,6320.0,518000.0
2015-04-16,6850.0,6890.0,6640.0,6800.0,250800.0
2015-04-15,6910.0,6990.0,6830.0,6860.0,204700.0
2015-04-14,7000.0,7040.0,6910.0,6930.0,185600.0
2015-04-13,7100.0,7110.0,6970.0,7030.0,185600.0
2015-04-10,7000.0,7150.0,6940.0,7150.0,201300.0
2015-04-09,6940.0,7020.0,6890.0,6990.0,133800.0
2015-04-08,6980.0,7030.0,6830.0,6960.0,323400.0
2015-04-07,7020.0,7050.0,6900.0,6940.0,193200.0
2015-04-06,6980.0,7060.0,6870.0,6920.0,216100.0
2015-04-03,6800.0,6960.0,6770.0,6960.0,310600.0
2015-04-02,6540.0,6770.0,6520.0,6640.0,334200.0
2015-04-01,6430.0,6520.0,6290.0,6380.0,471300.0
2015-03-31,6320.0,6420.0,6270.0,6370.0,154800.0
2015-03-30,6130.0,6290.0,6130.0,6250.0,116900.0
2015-03-27,6290.0,6320.0,6120.0,6170.0,201000.0
2015-03-26,6400.0,6420.0,6270.0,6300.0,112300.0
2015-03-25,6320.0,6440.0,6220.0,6390.0,319800.0
2015-03-24,6110.0,6380.0,6100.0,6380.0,256500.0
2015-03-23,6110.0,6170.0,6080.0,6150.0,132100.0
2015-03-20,6100.0,6120.0,6050.0,6110.0,225600.0
2015-03-19,6100.0,6190.0,6080.0,6160.0,248000.0
2015-03-18,6210.0,6240.0,6070.0,6170.0,248200.0
2015-03-17,6240.0,6300.0,6200.0,6270.0,222000.0
2015-03-16,6100.0,6350.0,6100.0,6250.0,342300.0
2015-03-13,6020.0,6160.0,5970.0,6070.0,366000.0
2015-03-12,5750.0,5830.0,5720.0,5820.0,176400.0
2015-03-11,5700.0,5740.0,5670.0,5740.0,132300.0
2015-03-10,5730.0,5770.0,5680.0,5720.0,157600.0
2015-03-09,5730.0,5770.0,5700.0,5740.0,124000.0
2015-03-06,5700.0,5790.0,5680.0,5780.0,154800.0
2015-03-05,5710.0,5720.0,5660.0,5670.0,164300.0
2015-03-04,5710.0,5780.0,5650.0,5770.0,132500.0
2015-03-03,5730.0,5760.0,5660.0,5750.0,191700.0
2015-03-02,5770.0,5830.0,5660.0,5660.0,198100.0
2015-02-27,5590.0,5790.0,5590.0,5710.0,296700.0
2015-02-26,5580.0,5590.0,5520.0,5590.0,137400.0
2015-02-25,5500.0,5580.0,5490.0,5560.0,138500.0
2015-02-24,5500.0,5540.0,5470.0,5490.0,119500.0
2015-02-23,5420.0,5580.0,5420.0,5540.0,236300.0
2015-02-20,5350.0,5470.0,5310.0,5390.0,204200.0
2015-02-19,5340.0,5380.0,5270.0,5300.0,172100.0
2015-02-18,5330.0,5360.0,5280.0,5340.0,274700.0
2015-02-17,5360.0,5410.0,5300.0,5360.0,395500.0
2015-02-16,5050.0,5490.0,5030.0,5430.0,651700.0
2015-02-13,5030.0,5040.0,5000.0,5020.0,100100.0
2015-02-12,5030.0,5050.0,4975.0,4985.0,246200.0
2015-02-10,5020.0,5030.0,4995.0,5010.0,62300.0
2015-02-09,5010.0,5040.0,4985.0,5040.0,198300.0
2015-02-06,4995.0,5000.0,4955.0,4955.0,105600.0
2015-02-05,5010.0,5040.0,4970.0,4985.0,131700.0
2015-02-04,4995.0,5040.0,4965.0,5010.0,113700.0
2015-02-03,5040.0,5040.0,4920.0,4945.0,152700.0
2015-02-02,5040.0,5070.0,5010.0,5030.0,111100.0
2015-01-30,5020.0,5060.0,5010.0,5040.0,194300.0
2015-01-29,5010.0,5040.0,4990.0,5000.0,140900.0
2015-01-28,5010.0,5060.0,5000.0,5020.0,102000.0
2015-01-27,5090.0,5090.0,5030.0,5060.0,170200.0
2015-01-26,5040.0,5070.0,4995.0,5040.0,258200.0
2015-01-23,5080.0,5080.0,5000.0,5020.0,116200.0
2015-01-22,5050.0,5060.0,4995.0,5050.0,233900.0
2015-01-21,5030.0,5050.0,4995.0,5010.0,239100.0
2015-01-20,4910.0,5050.0,4890.0,5010.0,325300.0
2015-01-19,4960.0,4995.0,4835.0,4855.0,324700.0
2015-01-16,4925.0,5000.0,4875.0,4980.0,229500.0
2015-01-15,5000.0,5030.0,4960.0,5020.0,213300.0
2015-01-14,5050.0,5080.0,4995.0,5040.0,198200.0
2015-01-13,4955.0,5120.0,4910.0,5120.0,211200.0
2015-01-09,5030.0,5060.0,5000.0,5030.0,179200.0
2015-01-08,4945.0,5020.0,4915.0,5010.0,195900.0
2015-01-07,4920.0,4950.0,4880.0,4910.0,273700.0
2015-01-06,4870.0,4990.0,4865.0,4945.0,221700.0
2015-01-05,4880.0,5000.0,4850.0,4970.0,284900.0
2014-12-30,4920.0,4925.0,4845.0,4855.0,213500.0
2014-12-29,4870.0,4940.0,4870.0,4910.0,277100.0
2014-12-26,4815.0,4910.0,4760.0,4860.0,503200.0
2014-12-25,5130.0,5140.0,5000.0,5030.0,545700.0
2014-12-24,5040.0,5140.0,5000.0,5120.0,380400.0
2014-12-22,4890.0,4975.0,4880.0,4970.0,379700.0
2014-12-19,4840.0,4845.0,4805.0,4820.0,315700.0
2014-12-18,4705.0,4835.0,4700.0,4755.0,555900.0
2014-12-17,4610.0,4615.0,4515.0,4515.0,360200.0
2014-12-16,4625.0,4650.0,4620.0,4640.0,183000.0
2014-12-15,4635.0,4680.0,4625.0,4640.0,244700.0
2014-12-12,4620.0,4710.0,4615.0,4670.0,226200.0
2014-12-11,4620.0,4650.0,4605.0,4645.0,287700.0
2014-12-10,4700.0,4735.0,4660.0,4685.0,306500.0
2014-12-09,4765.0,4780.0,4750.0,4755.0,202000.0
2014-12-08,4820.0,4830.0,4760.0,4785.0,196900.0
2014-12-05,4835.0,4850.0,4700.0,4760.0,366400.0
2014-12-04,4755.0,4845.0,4745.0,4830.0,406300.0
2014-12-03,4655.0,4765.0,4650.0,4695.0,576000.0
2014-12-02,4450.0,4635.0,4430.0,4605.0,683100.0
2014-12-01,4705.0,4715.0,4440.0,4495.0,1357100.0
2014-11-28,4210.0,4225.0,4185.0,4215.0,157500.0
2014-11-27,4160.0,4235.0,4155.0,4215.0,259400.0
2014-11-26,4150.0,4190.0,4145.0,4160.0,87600.0
2014-11-25,4190.0,4190.0,4125.0,4140.0,144000.0
2014-11-21,4200.0,4200.0,4125.0,4145.0,185800.0
2014-11-20,4200.0,4240.0,4170.0,4220.0,148700.0
2014-11-19,4160.0,4220.0,4150.0,4185.0,146300.0
2014-11-18,4085.0,4145.0,4085.0,4145.0,208100.0
2014-11-17,4140.0,4145.0,4030.0,4065.0,294200.0
2014-11-14,4270.0,4270.0,4090.0,4140.0,438100.0
2014-11-13,4160.0,4190.0,4145.0,4175.0,138000.0
2014-11-12,4115.0,4180.0,4115.0,4160.0,236600.0
2014-11-11,4085.0,4105.0,4045.0,4085.0,199000.0
2014-11-10,4090.0,4125.0,4065.0,4085.0,236100.0
2014-11-07,4095.0,4130.0,4085.0,4100.0,214100.0
2014-11-06,4220.0,4235.0,4060.0,4085.0,448700.0
2014-11-05,4300.0,4365.0,4210.0,4230.0,541100.0
2014-11-04,4620.0,4640.0,4500.0,4535.0,208300.0
2014-10-31,4445.0,4550.0,4435.0,4545.0,143800.0
2014-10-30,4405.0,4425.0,4380.0,4415.0,100800.0
2014-10-29,4420.0,4435.0,4380.0,4405.0,57100.0
2014-10-28,4360.0,4395.0,4345.0,4395.0,31300.0
2014-10-27,4450.0,4450.0,4355.0,4385.0,110300.0
2014-10-24,4415.0,4415.0,4365.0,4395.0,129100.0
2014-10-23,4370.0,4395.0,4310.0,4385.0,215100.0
2014-10-22,4305.0,4390.0,4280.0,4380.0,157000.0
2014-10-21,4280.0,4310.0,4195.0,4215.0,122900.0
2014-10-20,4230.0,4275.0,4200.0,4265.0,153400.0
2014-10-17,4180.0,4180.0,4060.0,4065.0,116900.0
2014-10-16,4130.0,4210.0,4120.0,4180.0,105500.0
2014-10-15,4190.0,4200.0,4155.0,4185.0,102900.0
2014-10-14,4230.0,4275.0,4190.0,4195.0,153100.0
2014-10-10,4170.0,4340.0,4130.0,4330.0,301300.0
2014-10-09,4295.0,4300.0,4220.0,4225.0,123300.0
2014-10-08,4300.0,4345.0,4275.0,4290.0,133900.0
2014-10-07,4390.0,4420.0,4355.0,4365.0,155000.0
2014-10-06,4350.0,4390.0,4320.0,4375.0,90700.0
2014-10-03,4260.0,4305.0,4255.0,4295.0,88400.0
2014-10-02,4340.0,4355.0,4255.0,4260.0,122800.0
2014-10-01,4325.0,4390.0,4305.0,4365.0,159400.0
2014-09-30,4300.0,4320.0,4275.0,4295.0,105000.0
2014-09-29,4340.0,4340.0,4295.0,4305.0,95500.0
2014-09-26,4280.0,4325.0,4260.0,4310.0,135400.0
2014-09-25,4290.0,4315.0,4250.0,4310.0,115100.0
2014-09-24,4250.0,4295.0,4240.0,4270.0,172000.0
2014-09-22,4375.0,4380.0,4250.0,4285.0,229400.0
2014-09-19,4405.0,4450.0,4365.0,4380.0,310700.0
2014-09-18,4280.0,4400.0,4265.0,4380.0,417100.0
2014-09-17,4115.0,4240.0,4105.0,4225.0,295100.0
2014-09-16,4070.0,4070.0,4035.0,4060.0,66300.0
2014-09-12,4110.0,4110.0,4055.0,4070.0,116400.0
2014-09-11,4125.0,4140.0,4070.0,4095.0,75200.0
2014-09-10,4045.0,4135.0,4040.0,4120.0,170000.0
2014-09-09,4110.0,4110.0,4035.0,4040.0,99900.0
2014-09-08,4070.0,4095.0,4040.0,4085.0,115200.0
2014-09-05,4080.0,4080.0,4015.0,4035.0,121500.0
2014-09-04,4035.0,4105.0,4020.0,4070.0,171300.0
2014-09-03,4055.0,4060.0,3980.0,4010.0,198600.0
2014-09-02,4010.0,4065.0,3990.0,4030.0,138800.0
2014-09-01,4055.0,4075.0,3955.0,3975.0,396700.0
2014-08-29,4160.0,4195.0,4050.0,4100.0,327000.0
2014-08-28,4245.0,4245.0,4175.0,4185.0,118300.0
2014-08-27,4245.0,4275.0,4220.0,4240.0,91200.0
2014-08-26,4270.0,4275.0,4235.0,4245.0,54100.0
2014-08-25,4310.0,4330.0,4255.0,4275.0,121200.0
2014-08-22,4205.0,4285.0,4175.0,4265.0,267500.0
2014-08-21,4155.0,4195.0,4135.0,4175.0,102800.0
2014-08-20,4145.0,4155.0,4095.0,4120.0,101400.0
2014-08-19,4175.0,4185.0,4120.0,4155.0,118100.0
2014-08-18,4170.0,4180.0,4140.0,4145.0,81000.0
2014-08-15,4185.0,4210.0,4160.0,4180.0,80400.0
2014-08-14,4180.0,4190.0,4145.0,4170.0,95000.0
2014-08-13,4110.0,4160.0,4075.0,4140.0,119600.0
2014-08-12,4150.0,4160.0,4095.0,4105.0,44100.0
2014-08-11,4075.0,4145.0,4055.0,4130.0,111500.0
2014-08-08,4040.0,4070.0,3985.0,4005.0,157400.0
2014-08-07,4040.0,4080.0,4020.0,4065.0,133700.0
2014-08-06,4115.0,4130.0,4035.0,4080.0,199200.0
2014-08-05,4170.0,4230.0,4160.0,4165.0,79600.0
2014-08-04,4175.0,4230.0,4110.0,4190.0,116800.0
2014-08-01,4285.0,4325.0,4200.0,4210.0,167100.0
2014-07-31,4600.0,4780.0,4240.0,4290.0,320900.0
2014-07-30,4215.0,4215.0,4150.0,4180.0,329000.0
2014-07-29,4200.0,4200.0,4155.0,4185.0,137900.0
2014-07-28,4235.0,4235.0,4205.0,4225.0,69400.0
2014-07-25,4240.0,4245.0,4210.0,4235.0,58600.0
2014-07-24,4255.0,4260.0,4200.0,4230.0,121100.0
2014-07-23,4210.0,4260.0,4210.0,4230.0,174100.0
2014-07-22,4110.0,4155.0,4080.0,4140.0,116200.0
2014-07-18,4150.0,4170.0,4105.0,4110.0,79500.0
2014-07-17,4225.0,4235.0,4145.0,4165.0,85400.0
2014-07-16,4210.0,4250.0,4190.0,4200.0,107400.0
2014-07-15,4185.0,4220.0,4175.0,4190.0,89400.0
2014-07-14,4120.0,4185.0,4120.0,4175.0,139800.0
2014-07-11,4060.0,4110.0,4040.0,4095.0,114300.0
2014-07-10,4090.0,4125.0,4075.0,4080.0,114700.0
2014-07-09,4020.0,4070.0,4005.0,4060.0,119500.0
2014-07-08,4035.0,4120.0,4025.0,4025.0,221400.0
2014-07-07,4080.0,4085.0,4045.0,4060.0,58000.0
2014-07-04,4120.0,4120.0,4035.0,4075.0,113600.0
2014-07-03,4155.0,4165.0,4070.0,4090.0,93700.0
2014-07-02,4135.0,4140.0,4105.0,4125.0,84900.0
2014-07-01,4100.0,4120.0,4080.0,4110.0,83300.0
2014-06-30,4070.0,4090.0,4045.0,4090.0,67100.0
2014-06-27,4045.0,4060.0,4010.0,4045.0,162300.0
2014-06-26,4035.0,4095.0,4020.0,4045.0,282800.0
2014-06-25,4340.0,4345.0,4225.0,4255.0,104800.0
2014-06-24,4285.0,4400.0,4270.0,4365.0,101700.0
2014-06-23,4250.0,4315.0,4240.0,4310.0,72300.0
2014-06-20,4305.0,4315.0,4230.0,4270.0,90100.0
2014-06-19,4245.0,4315.0,4245.0,4305.0,57000.0
2014-06-18,4250.0,4295.0,4240.0,4270.0,53400.0
2014-06-17,4195.0,4250.0,4195.0,4240.0,59200.0
2014-06-16,4210.0,4215.0,4150.0,4175.0,83400.0
2014-06-13,4200.0,4225.0,4180.0,4215.0,118500.0
2014-06-12,4100.0,4185.0,4095.0,4175.0,120500.0
2014-06-11,4120.0,4150.0,4095.0,4105.0,70800.0
2014-06-10,4125.0,4145.0,4090.0,4100.0,40900.0
2014-06-09,4130.0,4145.0,4100.0,4125.0,39400.0
2014-06-06,4095.0,4130.0,4070.0,4115.0,71400.0
2014-06-05,4110.0,4115.0,4065.0,4080.0,53900.0
2014-06-04,3995.0,4105.0,3990.0,4100.0,98000.0
2014-06-03,4020.0,4035.0,3975.0,4005.0,80500.0
2014-06-02,3960.0,4000.0,3955.0,3985.0,93600.0
2014-05-30,3960.0,3985.0,3945.0,3970.0,161700.0
2014-05-29,3960.0,4015.0,3950.0,3990.0,118600.0
2014-05-28,3945.0,4000.0,3935.0,3980.0,54600.0
2014-05-27,3990.0,4015.0,3960.0,3965.0,53700.0
2014-05-26,3975.0,4020.0,3935.0,4005.0,73400.0
2014-05-23,3915.0,3975.0,3905.0,3960.0,131400.0
2014-05-22,3915.0,3950.0,3885.0,3925.0,99600.0
2014-05-21,3840.0,3895.0,3830.0,3870.0,149300.0
2014-05-20,3800.0,3855.0,3780.0,3840.0,93900.0
2014-05-19,3820.0,3830.0,3770.0,3795.0,83300.0
2014-05-16,3760.0,3790.0,3730.0,3760.0,120900.0
2014-05-15,3800.0,3820.0,3750.0,3815.0,113500.0
2014-05-14,3850.0,3865.0,3785.0,3815.0,147600.0
2014-05-13,3930.0,3940.0,3855.0,3875.0,86800.0
2014-05-12,3935.0,3945.0,3885.0,3895.0,84300.0
2014-05-09,3950.0,3995.0,3850.0,3910.0,185400.0
2014-05-08,3990.0,3990.0,3955.0,3975.0,71800.0
2014-05-07,4020.0,4045.0,3935.0,3965.0,142300.0
2014-05-02,4080.0,4090.0,4040.0,4090.0,86200.0
2014-05-01,4030.0,4040.0,3955.0,4040.0,81200.0
2014-04-30,3910.0,4020.0,3905.0,3995.0,120700.0
2014-04-28,3920.0,3940.0,3885.0,3930.0,97500.0
2014-04-25,3860.0,3930.0,3855.0,3915.0,125700.0
2014-04-24,3880.0,3930.0,3820.0,3850.0,87900.0
2014-04-23,3900.0,3920.0,3830.0,3875.0,84600.0
2014-04-22,3975.0,3980.0,3885.0,3885.0,89300.0
2014-04-21,3955.0,4015.0,3935.0,3955.0,59300.0
2014-04-18,3915.0,3970.0,3890.0,3960.0,128700.0
2014-04-17,3805.0,3865.0,3805.0,3845.0,149700.0
2014-04-16,3810.0,3845.0,3800.0,3845.0,38000.0
2014-04-15,3750.0,3785.0,3730.0,3770.0,52800.0
2014-04-14,3755.0,3805.0,3730.0,3735.0,56100.0
2014-04-11,3760.0,3815.0,3725.0,3780.0,69500.0
2014-04-10,3800.0,3855.0,3770.0,3840.0,119300.0
2014-04-09,3725.0,3780.0,3685.0,3705.0,173600.0
2014-04-08,3860.0,3865.0,3785.0,3785.0,67300.0
2014-04-07,3910.0,3925.0,3850.0,3860.0,67700.0
2014-04-04,3935.0,3950.0,3910.0,3925.0,66100.0
2014-04-03,3925.0,3960.0,3910.0,3935.0,91100.0
2014-04-02,4055.0,4075.0,3910.0,3920.0,161000.0
2014-04-01,4115.0,4130.0,4040.0,4060.0,88400.0
2014-03-31,4055.0,4105.0,3925.0,4105.0,115900.0
2014-03-28,4010.0,4045.0,3975.0,4030.0,106800.0
2014-03-27,3940.0,4020.0,3875.0,4015.0,136800.0
2014-03-26,3925.0,3945.0,3900.0,3935.0,87900.0
2014-03-25,3875.0,3950.0,3860.0,3885.0,143600.0
2014-03-24,3750.0,3895.0,3750.0,3890.0,115200.0
2014-03-20,3800.0,3800.0,3755.0,3755.0,90500.0
2014-03-19,3785.0,3805.0,3740.0,3760.0,82600.0
2014-03-18,3680.0,3790.0,3670.0,3760.0,125200.0
2014-03-17,3650.0,3675.0,3620.0,3650.0,147700.0
2014-03-14,3750.0,3750.0,3655.0,3655.0,144300.0
2014-03-13,3780.0,3815.0,3755.0,3770.0,95500.0
2014-03-12,3870.0,3870.0,3790.0,3800.0,143400.0
2014-03-11,3880.0,3930.0,3870.0,3895.0,120000.0
2014-03-10,3820.0,3875.0,3820.0,3865.0,120100.0
2014-03-07,3835.0,3900.0,3805.0,3860.0,284400.0
2014-03-06,3885.0,3920.0,3835.0,3920.0,170900.0
2014-03-05,3990.0,4005.0,3860.0,3885.0,168400.0
2014-03-04,3945.0,3990.0,3925.0,3970.0,108900.0
2014-03-03,4005.0,4010.0,3910.0,3960.0,175500.0
2014-02-28,4100.0,4100.0,4020.0,4065.0,85300.0
2014-02-27,4100.0,4130.0,4075.0,4095.0,124800.0
2014-02-26,4135.0,4155.0,4055.0,4080.0,223400.0
2014-02-25,4105.0,4210.0,4080.0,4180.0,209700.0
2014-02-24,4015.0,4055.0,3975.0,4045.0,179700.0
2014-02-21,3885.0,4025.0,3850.0,4005.0,262000.0
2014-02-20,3855.0,3860.0,3805.0,3835.0,138800.0
2014-02-19,3870.0,3870.0,3755.0,3785.0,143100.0
2014-02-18,3810.0,3885.0,3805.0,3880.0,143500.0
2014-02-17,3820.0,3860.0,3735.0,3820.0,265000.0
2014-02-14,3765.0,3885.0,3670.0,3875.0,560500.0
2014-02-13,3650.0,3650.0,3510.0,3530.0,105600.0
2014-02-12,3595.0,3695.0,3595.0,3665.0,284000.0
2014-02-10,3500.0,3535.0,3470.0,3525.0,86700.0
2014-02-07,3395.0,3465.0,3385.0,3450.0,68300.0
2014-02-06,3360.0,3425.0,3360.0,3390.0,119700.0
2014-02-05,3400.0,3525.0,3335.0,3360.0,179500.0
2014-02-04,3380.0,3535.0,3360.0,3375.0,321400.0
2014-02-03,3440.0,3470.0,3400.0,3425.0,87500.0
2014-01-31,3445.0,3480.0,3385.0,3440.0,173100.0
2014-01-30,3400.0,3465.0,3390.0,3430.0,130500.0
2014-01-29,3380.0,3450.0,3380.0,3450.0,58900.0
2014-01-28,3355.0,3385.0,3300.0,3355.0,173000.0
2014-01-27,3430.0,3450.0,3390.0,3400.0,88800.0
2014-01-24,3515.0,3550.0,3475.0,3495.0,118700.0
2014-01-23,3620.0,3620.0,3535.0,3545.0,129400.0
2014-01-22,3625.0,3655.0,3570.0,3625.0,104700.0
2014-01-21,3650.0,3680.0,3635.0,3640.0,68100.0
2014-01-20,3625.0,3690.0,3590.0,3675.0,131000.0
2014-01-17,3570.0,3635.0,3570.0,3620.0,85000.0
2014-01-16,3555.0,3605.0,3505.0,3585.0,148200.0
2014-01-15,3610.0,3625.0,3565.0,3615.0,113300.0
2014-01-14,3670.0,3675.0,3600.0,3605.0,149200.0
2014-01-10,3705.0,3745.0,3670.0,3740.0,145700.0
2014-01-09,3695.0,3755.0,3685.0,3755.0,133700.0
2014-01-08,3765.0,3780.0,3695.0,3725.0,139200.0
2014-01-07,3775.0,3810.0,3750.0,3775.0,199800.0
2014-01-06,3755.0,3760.0,3710.0,3730.0,169500.0
2013-12-30,3835.0,3850.0,3690.0,3755.0,212300.0
2013-12-27,3870.0,3880.0,3825.0,3830.0,90500.0
2013-12-26,3850.0,3875.0,3760.0,3870.0,242200.0
2013-12-25,3895.0,3945.0,3850.0,3870.0,387100.0
2013-12-24,3865.0,3895.0,3840.0,3880.0,261200.0
2013-12-20,3790.0,3850.0,3765.0,3850.0,213900.0
2013-12-19,3750.0,3785.0,3735.0,3785.0,172200.0
2013-12-18,3715.0,3745.0,3715.0,3745.0,123000.0
2013-12-17,3740.0,3740.0,3715.0,3740.0,100900.0
2013-12-16,3745.0,3760.0,3710.0,3720.0,100400.0
2013-12-13,3750.0,3770.0,3700.0,3730.0,183800.0
2013-12-12,3720.0,3755.0,3700.0,3735.0,73300.0
2013-12-11,3745.0,3765.0,3710.0,3720.0,70300.0
2013-12-10,3740.0,3765.0,3735.0,3760.0,63100.0
2013-12-09,3735.0,3755.0,3725.0,3750.0,90500.0
2013-12-06,3685.0,3740.0,3685.0,3710.0,75400.0
2013-12-05,3695.0,3720.0,3680.0,3685.0,143900.0
2013-12-04,3680.0,3760.0,3665.0,3710.0,110300.0
2013-12-03,3710.0,3720.0,3690.0,3700.0,94800.0
2013-12-02,3715.0,3745.0,3700.0,3730.0,143200.0
2013-11-29,3725.0,3735.0,3680.0,3710.0,98400.0
2013-11-28,3695.0,3750.0,3695.0,3750.0,117600.0
2013-11-27,3690.0,3690.0,3660.0,3680.0,73300.0
2013-11-26,3665.0,3700.0,3665.0,3690.0,106100.0
2013-11-25,3675.0,3690.0,3655.0,3685.0,83900.0
2013-11-22,3650.0,3665.0,3620.0,3645.0,112000.0
2013-11-21,3585.0,3660.0,3570.0,3650.0,146300.0
2013-11-20,3570.0,3625.0,3540.0,3590.0,175100.0
2013-11-19,3440.0,3485.0,3440.0,3465.0,68700.0
2013-11-18,3485.0,3490.0,3450.0,3465.0,104200.0
2013-11-15,3440.0,3490.0,3435.0,3475.0,109200.0
2013-11-14,3425.0,3440.0,3390.0,3435.0,144300.0
2013-11-13,3430.0,3435.0,3375.0,3390.0,27400.0
2013-11-12,3355.0,3405.0,3335.0,3400.0,84400.0
2013-11-11,3390.0,3390.0,3330.0,3360.0,56900.0
2013-11-08,3370.0,3380.0,3340.0,3350.0,66400.0
2013-11-07,3420.0,3420.0,3380.0,3395.0,78100.0
2013-11-06,3440.0,3445.0,3355.0,3415.0,132200.0
2013-11-05,3395.0,3450.0,3360.0,3435.0,197500.0
2013-11-01,3315.0,3355.0,3305.0,3330.0,156800.0
2013-10-31,3360.0,3395.0,3315.0,3325.0,197400.0
2013-10-30,3390.0,3425.0,3355.0,3355.0,170800.0
2013-10-29,3405.0,3420.0,3330.0,3400.0,162300.0
2013-10-28,3440.0,3455.0,3410.0,3420.0,47900.0
2013-10-25,3475.0,3475.0,3400.0,3405.0,56600.0
2013-10-24,3450.0,3485.0,3435.0,3480.0,49900.0
2013-10-23,3515.0,3540.0,3460.0,3460.0,49400.0
2013-10-22,3500.0,3530.0,3485.0,3510.0,78100.0
2013-10-21,3525.0,3540.0,3480.0,3495.0,176000.0
2013-10-18,3525.0,3530.0,3495.0,3500.0,65900.0
2013-10-17,3565.0,3585.0,3530.0,3550.0,44700.0
2013-10-16,3520.0,3565.0,3510.0,3520.0,79400.0
2013-10-15,3525.0,3535.0,3505.0,3520.0,77200.0
2013-10-11,3535.0,3590.0,3520.0,3555.0,120800.0
2013-10-10,3455.0,3490.0,3455.0,3480.0,46800.0
2013-10-09,3415.0,3445.0,3390.0,3445.0,38900.0
2013-10-08,3475.0,3475.0,3425.0,3450.0,44100.0
2013-10-07,3500.0,3520.0,3470.0,3485.0,90700.0
2013-10-04,3530.0,3545.0,3490.0,3495.0,71000.0
2013-10-03,3520.0,3570.0,3520.0,3535.0,71300.0
2013-10-02,3555.0,3555.0,3505.0,3530.0,109000.0
2013-10-01,3545.0,3580.0,3520.0,3570.0,116300.0
2013-09-30,3500.0,3550.0,3495.0,3520.0,107300.0
2013-09-27,3545.0,3595.0,3520.0,3565.0,124200.0
2013-09-26,3520.0,3545.0,3480.0,3540.0,119800.0
2013-09-25,3500.0,3540.0,3460.0,3470.0,159200.0
2013-09-24,3530.0,3555.0,3495.0,3505.0,100600.0
2013-09-20,3545.0,3585.0,3535.0,3570.0,92400.0
2013-09-19,3500.0,3560.0,3445.0,3560.0,222100.0
2013-09-18,3350.0,3395.0,3345.0,3385.0,80900.0
2013-09-17,3325.0,3335.0,3295.0,3325.0,74000.0
2013-09-13,3335.0,3340.0,3310.0,3325.0,113700.0
2013-09-12,3305.0,3335.0,3300.0,3335.0,127200.0
2013-09-11,3285.0,3315.0,3265.0,3305.0,77600.0
2013-09-10,3280.0,3300.0,3220.0,3285.0,104100.0
2013-09-09,3300.0,3310.0,3250.0,3285.0,94300.0
2013-09-06,3275.0,3295.0,3185.0,3230.0,152100.0
2013-09-05,3165.0,3265.0,3150.0,3245.0,261300.0
2013-09-04,3135.0,3170.0,3110.0,3160.0,95600.0
2013-09-03,3190.0,3190.0,3130.0,3180.0,101000.0
2013-09-02,3095.0,3160.0,3095.0,3140.0,80500.0
2013-08-30,3190.0,3190.0,3050.0,3095.0,145000.0
2013-08-29,3225.0,3235.0,3180.0,3190.0,84700.0
2013-08-28,3240.0,3270.0,3200.0,3225.0,127700.0
2013-08-27,3255.0,3275.0,3220.0,3240.0,107200.0
2013-08-26,3290.0,3300.0,3235.0,3265.0,115100.0
2013-08-23,3305.0,3305.0,3260.0,3285.0,113800.0
2013-08-22,3320.0,3335.0,3290.0,3300.0,91200.0
2013-08-21,3310.0,3370.0,3310.0,3345.0,96500.0
2013-08-20,3330.0,3350.0,3300.0,3300.0,63600.0
2013-08-19,3350.0,3375.0,3325.0,3365.0,63200.0
2013-08-16,3360.0,3385.0,3350.0,3385.0,77600.0
2013-08-15,3430.0,3460.0,3400.0,3420.0,102100.0
2013-08-14,3515.0,3530.0,3450.0,3480.0,108000.0
2013-08-13,3380.0,3460.0,3355.0,3450.0,151300.0
2013-08-12,3335.0,3345.0,3300.0,3330.0,94500.0
2013-08-09,3380.0,3390.0,3325.0,3365.0,124100.0
2013-08-08,3425.0,3440.0,3340.0,3355.0,177800.0
2013-08-07,3510.0,3530.0,3440.0,3445.0,176000.0
2013-08-06,3610.0,3625.0,3530.0,3565.0,202600.0
2013-08-05,3650.0,3650.0,3595.0,3610.0,118600.0
2013-08-02,3535.0,3710.0,3505.0,3690.0,180500.0
2013-08-01,3430.0,3515.0,3425.0,3515.0,130200.0
2013-07-31,3430.0,3480.0,3385.0,3430.0,206500.0
2013-07-30,3310.0,3435.0,3310.0,3425.0,419100.0
2013-07-29,3310.0,3365.0,3220.0,3240.0,166200.0
2013-07-26,3400.0,3415.0,3315.0,3350.0,144900.0
2013-07-25,3410.0,3425.0,3375.0,3385.0,121700.0
2013-07-24,3415.0,3415.0,3375.0,3385.0,81800.0
2013-07-23,3385.0,3415.0,3370.0,3415.0,50200.0
2013-07-22,3405.0,3415.0,3375.0,3405.0,89000.0
2013-07-19,3360.0,3380.0,3340.0,3360.0,146400.0
2013-07-18,3325.0,3375.0,3325.0,3355.0,59600.0
2013-07-17,3355.0,3365.0,3315.0,3350.0,80300.0
2013-07-16,3410.0,3420.0,3320.0,3345.0,118600.0
2013-07-12,3425.0,3430.0,3365.0,3405.0,136100.0
2013-07-11,3355.0,3440.0,3345.0,3390.0,138400.0
2013-07-10,3335.0,3345.0,3315.0,3340.0,76100.0
2013-07-09,3320.0,3335.0,3285.0,3305.0,72700.0
2013-07-08,3315.0,3330.0,3270.0,3275.0,123200.0
2013-07-05,3370.0,3370.0,3290.0,3310.0,76500.0
2013-07-04,3355.0,3355.0,3305.0,3315.0,66500.0
2013-07-03,3400.0,3400.0,3315.0,3350.0,73400.0
2013-07-02,3375.0,3395.0,3355.0,3395.0,75000.0
2013-07-01,3375.0,3390.0,3340.0,3385.0,87700.0
2013-06-28,3325.0,3365.0,3295.0,3355.0,167800.0
2013-06-27,3255.0,3305.0,3205.0,3300.0,172800.0
2013-06-26,3380.0,3380.0,3190.0,3250.0,156200.0
2013-06-25,3350.0,3360.0,3285.0,3340.0,65000.0
2013-06-24,3370.0,3395.0,3320.0,3330.0,46800.0
2013-06-21,3245.0,3365.0,3205.0,3355.0,152900.0
2013-06-20,3380.0,3380.0,3305.0,3335.0,80700.0
2013-06-19,3385.0,3410.0,3335.0,3385.0,57500.0
2013-06-18,3390.0,3395.0,3300.0,3320.0,111900.0
2013-06-17,3200.0,3360.0,3200.0,3350.0,151400.0
2013-06-14,3200.0,3220.0,3150.0,3175.0,155500.0
2013-06-13,3165.0,3200.0,3100.0,3110.0,122900.0
2013-06-12,3200.0,3235.0,3170.0,3225.0,79000.0
2013-06-11,3280.0,3290.0,3215.0,3260.0,77800.0
2013-06-10,3175.0,3300.0,3170.0,3280.0,100600.0
2013-06-07,3050.0,3140.0,3040.0,3110.0,118600.0
2013-06-06,3180.0,3195.0,3090.0,3120.0,158400.0
2013-06-05,3160.0,3305.0,3160.0,3175.0,115600.0
2013-06-04,3070.0,3170.0,3055.0,3155.0,74000.0
2013-06-03,3185.0,3185.0,3110.0,3130.0,108300.0
2013-05-31,3255.0,3300.0,3160.0,3190.0,171900.0
2013-05-30,3335.0,3360.0,3240.0,3255.0,118200.0
2013-05-29,3400.0,3450.0,3380.0,3380.0,132700.0
2013-05-28,3380.0,3410.0,3350.0,3390.0,110100.0
2013-05-27,3450.0,3475.0,3350.0,3410.0,128000.0
2013-05-24,3345.0,3440.0,3305.0,3385.0,155700.0
2013-05-23,3520.0,3540.0,3335.0,3345.0,173000.0
2013-05-22,3600.0,3605.0,3525.0,3530.0,90200.0
2013-05-21,3635.0,3660.0,3560.0,3570.0,95200.0
2013-05-20,3700.0,3720.0,3630.0,3635.0,67400.0
2013-05-17,3650.0,3730.0,3645.0,3700.0,67200.0
2013-05-16,3675.0,3715.0,3560.0,3630.0,127100.0
2013-05-15,3735.0,3760.0,3675.0,3695.0,113200.0
2013-05-14,3750.0,3765.0,3700.0,3735.0,135100.0
2013-05-13,3750.0,3770.0,3655.0,3670.0,165300.0
2013-05-10,3695.0,3795.0,3685.0,3740.0,184000.0
2013-05-09,3690.0,3710.0,3635.0,3645.0,142400.0
2013-05-08,3755.0,3785.0,3675.0,3690.0,243100.0
2013-05-07,3510.0,3710.0,3510.0,3710.0,236100.0
2013-05-02,3360.0,3470.0,3340.0,3470.0,126300.0
2013-05-01,3435.0,3435.0,3340.0,3360.0,103000.0
2013-04-30,3355.0,3465.0,3345.0,3450.0,176700.0
2013-04-26,3435.0,3455.0,3320.0,3360.0,223100.0
2013-04-25,3390.0,3470.0,3390.0,3460.0,124200.0
2013-04-24,3410.0,3420.0,3375.0,3420.0,140000.0
2013-04-23,3395.0,3405.0,3330.0,3405.0,136800.0
2013-04-22,3300.0,3425.0,3270.0,3420.0,211600.0
2013-04-19,3205.0,3265.0,3185.0,3230.0,78900.0
2013-04-18,3230.0,3255.0,3190.0,3205.0,156800.0
2013-04-17,3245.0,3285.0,3210.0,3220.0,97500.0
2013-04-16,3210.0,3255.0,3195.0,3230.0,95700.0
2013-04-15,3260.0,3280.0,3225.0,3230.0,61900.0
2013-04-12,3315.0,3315.0,3235.0,3260.0,126900.0
2013-04-11,3325.0,3360.0,3285.0,3310.0,140400.0
2013-04-10,3240.0,3295.0,3220.0,3275.0,178800.0
2013-04-09,3200.0,3220.0,3160.0,3205.0,179900.0
2013-04-08,3205.0,3265.0,3135.0,3175.0,211400.0
2013-04-05,3100.0,3195.0,3075.0,3170.0,324300.0
2013-04-04,2955.0,3075.0,2902.0,3060.0,226700.0
2013-04-03,2879.0,2980.0,2875.0,2969.0,117900.0
2013-04-02,2856.0,2898.0,2762.0,2878.0,195100.0
2013-04-01,3000.0,3010.0,2851.0,2855.0,110900.0
2013-03-29,3010.0,3015.0,2960.0,2989.0,73200.0
2013-03-28,3025.0,3050.0,2990.0,3000.0,100200.0
2013-03-27,2973.0,3065.0,2973.0,3055.0,193200.0
2013-03-26,2960.0,3015.0,2955.0,2999.0,196700.0
2013-03-25,2973.0,2996.0,2962.0,2976.0,71200.0
2013-03-22,3000.0,3025.0,2969.0,2969.0,107900.0
2013-03-21,2971.0,3030.0,2938.0,3020.0,271900.0
2013-03-19,2921.0,2938.0,2912.0,2913.0,128100.0
2013-03-18,2957.0,2970.0,2905.0,2909.0,173900.0
2013-03-15,2995.0,3015.0,2961.0,2977.0,332400.0
2013-03-14,2975.0,2985.0,2946.0,2977.0,122500.0
2013-03-13,2985.0,2994.0,2957.0,2974.0,145000.0
2013-03-12,3010.0,3020.0,2987.0,2994.0,141200.0
2013-03-11,3005.0,3040.0,2987.0,3000.0,169500.0
2013-03-08,2991.0,3015.0,2968.0,2993.0,254600.0
2013-03-07,3060.0,3060.0,2980.0,2982.0,372000.0
2013-03-06,2929.0,3155.0,2929.0,3085.0,324000.0
2013-03-05,2942.0,2969.0,2909.0,2911.0,120600.0
2013-03-04,2912.0,2939.0,2903.0,2929.0,147200.0
2013-03-01,2841.0,2907.0,2841.0,2899.0,137300.0
2013-02-28,2863.0,2876.0,2835.0,2844.0,213900.0
2013-02-27,2895.0,2905.0,2836.0,2877.0,262400.0
2013-02-26,2833.0,2942.0,2826.0,2883.0,390600.0
2013-02-25,2803.0,2841.0,2788.0,2832.0,147900.0
2013-02-22,2780.0,2846.0,2780.0,2828.0,233300.0
2013-02-21,2809.0,2835.0,2785.0,2801.0,172500.0
2013-02-20,2794.0,3000.0,2792.0,2839.0,411000.0
2013-02-19,2733.0,2790.0,2730.0,2775.0,128300.0
2013-02-18,2725.0,2777.0,2705.0,2741.0,162400.0
2013-02-15,2772.0,2782.0,2641.0,2735.0,410400.0
2013-02-14,2840.0,2896.0,2795.0,2800.0,264100.0
2013-02-13,2887.0,2911.0,2875.0,2896.0,145800.0
2013-02-12,2891.0,2917.0,2883.0,2886.0,195300.0
2013-02-08,2910.0,2911.0,2867.0,2875.0,145900.0
2013-02-07,2862.0,2914.0,2857.0,2909.0,139900.0
2013-02-06,2894.0,2899.0,2841.0,2861.0,204300.0
2013-02-05,2791.0,2930.0,2790.0,2865.0,196100.0
2013-02-04,2819.0,2820.0,2780.0,2790.0,115900.0
2013-02-01,2790.0,2834.0,2772.0,2816.0,147000.0
2013-01-31,2800.0,2800.0,2763.0,2783.0,169100.0
2013-01-30,2767.0,2799.0,2754.0,2791.0,198800.0
2013-01-29,2754.0,2765.0,2726.0,2743.0,114300.0
2013-01-28,2753.0,2757.0,2723.0,2730.0,93600.0
2013-01-25,2710.0,2749.0,2708.0,2727.0,225600.0
2013-01-24,2687.0,2709.0,2650.0,2680.0,295500.0
2013-01-23,2671.0,2754.0,2654.0,2717.0,583600.0
2013-01-22,2620.0,2664.0,2612.0,2638.0,229500.0
2013-01-21,2615.0,2736.0,2602.0,2610.0,532700.0
2013-01-18,2549.0,2575.0,2516.0,2571.0,257500.0
2013-01-17,2470.0,2540.0,2427.0,2525.0,287500.0
2013-01-16,2507.0,2516.0,2474.0,2476.0,207700.0
2013-01-15,2522.0,2525.0,2490.0,2513.0,166800.0
2013-01-11,2510.0,2520.0,2500.0,2506.0,136600.0
2013-01-10,2520.0,2537.0,2500.0,2517.0,161900.0
2013-01-09,2532.0,2550.0,2511.0,2524.0,143000.0
2013-01-08,2515.0,2552.0,2505.0,2525.0,162000.0
2013-01-07,2479.0,2515.0,2476.0,2504.0,101100.0
2013-01-04,2508.0,2515.0,2465.0,2485.0,137800.0
2012-12-28,2470.0,2485.0,2464.0,2477.0,90000.0
2012-12-27,2489.0,2493.0,2465.0,2471.0,102700.0
2012-12-26,2521.0,2521.0,2469.0,2488.0,252100.0
2012-12-25,2543.0,2552.0,2525.0,2546.0,377900.0
2012-12-21,2510.0,2562.0,2505.0,2532.0,290200.0
2012-12-20,2493.0,2513.0,2472.0,2491.0,200800.0
2012-12-19,2465.0,2469.0,2436.0,2458.0,183600.0
2012-12-18,2491.0,2496.0,2461.0,2462.0,155700.0
2012-12-17,2492.0,2496.0,2473.0,2477.0,129800.0
2012-12-14,2470.0,2505.0,2470.0,2483.0,184500.0
2012-12-13,2527.0,2527.0,2474.0,2478.0,178300.0
2012-12-12,2508.0,2539.0,2494.0,2528.0,112800.0
2012-12-11,2536.0,2540.0,2493.0,2497.0,136900.0
2012-12-10,2586.0,2594.0,2533.0,2535.0,206900.0
2012-12-07,2529.0,2550.0,2515.0,2536.0,200700.0
2012-12-06,2500.0,2524.0,2494.0,2519.0,239700.0
2012-12-05,2475.0,2488.0,2452.0,2464.0,144400.0
2012-12-04,2433.0,2454.0,2419.0,2452.0,157000.0
2012-12-03,2448.0,2448.0,2408.0,2412.0,91500.0
2012-11-30,2440.0,2472.0,2435.0,2448.0,187700.0
2012-11-29,2409.0,2427.0,2404.0,2411.0,143600.0
2012-11-28,2425.0,2439.0,2404.0,2409.0,138900.0
2012-11-27,2450.0,2456.0,2415.0,2422.0,235600.0
2012-11-26,2455.0,2477.0,2425.0,2447.0,210200.0
2012-11-22,2445.0,2445.0,2413.0,2436.0,153800.0
2012-11-21,2440.0,2440.0,2395.0,2420.0,171600.0
2012-11-20,2416.0,2424.0,2398.0,2416.0,134000.0
2012-11-19,2393.0,2427.0,2386.0,2424.0,173700.0
2012-11-16,2415.0,2416.0,2352.0,2363.0,274700.0
2012-11-15,2411.0,2425.0,2388.0,2412.0,108900.0
2012-11-14,2425.0,2425.0,2391.0,2413.0,101600.0
2012-11-13,2403.0,2425.0,2400.0,2410.0,105700.0
2012-11-12,2401.0,2414.0,2387.0,2398.0,91900.0
2012-11-09,2400.0,2429.0,2398.0,2411.0,87600.0
2012-11-08,2390.0,2419.0,2385.0,2396.0,113900.0
2012-11-07,2430.0,2458.0,2396.0,2402.0,159800.0
2012-11-06,2471.0,2471.0,2403.0,2414.0,264400.0
2012-11-05,2455.0,2495.0,2440.0,2495.0,126100.0
2012-11-02,2475.0,2489.0,2448.0,2462.0,239300.0
2012-11-01,2522.0,2533.0,2450.0,2467.0,250400.0
2012-10-31,2488.0,2574.0,2470.0,2512.0,408300.0
2012-10-30,2614.0,2615.0,2491.0,2498.0,198500.0
2012-10-29,2532.0,2601.0,2517.0,2589.0,201200.0
2012-10-26,2556.0,2561.0,2494.0,2504.0,177700.0
2012-10-25,2513.0,2545.0,2496.0,2545.0,144200.0
2012-10-24,2483.0,2524.0,2476.0,2518.0,131400.0
2012-10-23,2535.0,2538.0,2481.0,2482.0,124000.0
2012-10-22,2498.0,2529.0,2496.0,2508.0,93300.0
2012-10-19,2470.0,2512.0,2463.0,2502.0,211900.0
2012-10-18,2460.0,2495.0,2439.0,2463.0,204600.0
2012-10-17,2472.0,2502.0,2439.0,2470.0,285100.0
2012-10-16,2375.0,2490.0,2368.0,2461.0,350600.0
2012-10-15,2422.0,2431.0,2369.0,2390.0,303000.0
2012-10-12,2455.0,2480.0,2430.0,2430.0,120100.0
2012-10-11,2452.0,2480.0,2441.0,2464.0,130100.0
2012-10-10,2508.0,2523.0,2468.0,2480.0,156700.0
2012-10-09,2516.0,2570.0,2492.0,2541.0,223800.0
2012-10-05,2515.0,2531.0,2480.0,2522.0,191000.0
2012-10-04,2499.0,2543.0,2484.0,2535.0,225600.0
2012-10-03,2527.0,2528.0,2467.0,2500.0,244100.0
2012-10-02,2542.0,2553.0,2523.0,2544.0,122500.0
2012-10-01,2489.0,2545.0,2488.0,2543.0,374400.0
2012-09-28,2517.0,2528.0,2425.0,2460.0,417200.0
2012-09-27,2577.0,2577.0,2498.0,2520.0,351600.0
2012-09-26,2588.0,2593.0,2548.0,2567.0,118000.0
2012-09-25,2551.0,2580.0,2538.0,2580.0,142600.0
2012-09-24,2579.0,2593.0,2539.0,2568.0,180200.0
2012-09-21,2520.0,2575.0,2520.0,2564.0,124400.0
2012-09-20,2500.0,2563.0,2491.0,2538.0,193300.0
2012-09-19,2550.0,2585.0,2525.0,2531.0,197300.0
2012-09-18,2534.0,2608.0,2519.0,2600.0,382600.0
2012-09-14,2649.0,2653.0,2555.0,2560.0,227700.0
2012-09-13,2660.0,2682.0,2647.0,2657.0,116800.0
2012-09-12,2670.0,2715.0,2661.0,2684.0,89400.0
2012-09-11,2650.0,2692.0,2640.0,2688.0,71900.0
2012-09-10,2625.0,2685.0,2598.0,2679.0,179200.0
2012-09-07,2750.0,2757.0,2615.0,2629.0,243900.0
2012-09-06,2695.0,2695.0,2662.0,2674.0,68400.0
2012-09-05,2695.0,2715.0,2689.0,2694.0,42500.0
2012-09-04,2734.0,2753.0,2707.0,2722.0,86000.0
2012-09-03,2742.0,2753.0,2727.0,2738.0,89500.0
2012-08-31,2742.0,2758.0,2731.0,2740.0,93100.0
2012-08-30,2684.0,2739.0,2680.0,2730.0,85800.0
2012-08-29,2700.0,2717.0,2696.0,2706.0,70000.0
2012-08-28,2702.0,2709.0,2670.0,2678.0,105700.0
2012-08-27,2745.0,2752.0,2722.0,2722.0,51200.0
2012-08-24,2749.0,2753.0,2725.0,2744.0,69300.0
2012-08-23,2711.0,2758.0,2710.0,2751.0,83500.0
