Date,Open,High,Low,Close,Volume
2017-03-30,201.0,201.0,200.0,200.0,8000.0
2017-03-29,201.0,204.0,199.0,201.0,22000.0
2017-03-28,217.0,217.0,216.0,216.0,8000.0
2017-03-27,216.0,216.0,212.0,212.0,10000.0
2017-03-24,215.0,215.0,214.0,215.0,9000.0
2017-03-23,211.0,211.0,211.0,211.0,2000.0
2017-03-22,215.0,215.0,213.0,213.0,3000.0
2017-03-21,215.0,216.0,214.0,216.0,7000.0
2017-03-17,213.0,216.0,213.0,213.0,5000.0
2017-03-16,210.0,212.0,210.0,212.0,7000.0
2017-03-15,212.0,212.0,209.0,211.0,4000.0
2017-03-14,207.0,212.0,207.0,212.0,8000.0
2017-03-13,210.0,213.0,208.0,208.0,9000.0
2017-03-10,207.0,217.0,207.0,217.0,8000.0
2017-03-09,,,,,0.0
2017-03-08,205.0,205.0,205.0,205.0,1000.0
2017-03-07,206.0,206.0,204.0,204.0,5000.0
2017-03-06,200.0,207.0,200.0,206.0,57000.0
2017-03-03,,,,,0.0
2017-03-02,210.0,210.0,207.0,208.0,7000.0
2017-03-01,211.0,211.0,206.0,206.0,10000.0
2017-02-28,212.0,212.0,210.0,210.0,2000.0
2017-02-27,208.0,208.0,208.0,208.0,4000.0
2017-02-24,210.0,210.0,209.0,210.0,8000.0
2017-02-23,210.0,213.0,210.0,210.0,7000.0
2017-02-22,209.0,217.0,209.0,209.0,5000.0
2017-02-21,207.0,209.0,206.0,209.0,10000.0
2017-02-20,208.0,211.0,207.0,207.0,27000.0
2017-02-17,220.0,220.0,215.0,216.0,13000.0
2017-02-16,216.0,223.0,215.0,220.0,32000.0
2017-02-15,247.0,247.0,219.0,224.0,110000.0
2017-02-14,200.0,249.0,200.0,249.0,237000.0
2017-02-13,198.0,200.0,198.0,199.0,9000.0
2017-02-10,197.0,197.0,197.0,197.0,5000.0
2017-02-09,195.0,196.0,195.0,196.0,3000.0
2017-02-08,196.0,196.0,196.0,196.0,1000.0
2017-02-07,194.0,194.0,193.0,193.0,4000.0
2017-02-06,190.0,194.0,190.0,194.0,3000.0
2017-02-03,,,,,0.0
2017-02-02,196.0,196.0,195.0,195.0,6000.0
2017-02-01,195.0,200.0,195.0,198.0,13000.0
2017-01-31,195.0,195.0,195.0,195.0,2000.0
2017-01-30,191.0,194.0,191.0,194.0,11000.0
2017-01-27,191.0,191.0,187.0,190.0,16000.0
2017-01-26,192.0,192.0,190.0,190.0,5000.0
2017-01-25,192.0,193.0,189.0,193.0,11000.0
2017-01-24,187.0,190.0,187.0,190.0,4000.0
2017-01-23,190.0,190.0,186.0,189.0,10000.0
2017-01-20,186.0,193.0,185.0,185.0,24000.0
2017-01-19,183.0,183.0,183.0,183.0,2000.0
2017-01-18,182.0,183.0,182.0,183.0,4000.0
2017-01-17,183.0,186.0,180.0,183.0,13000.0
2017-01-16,185.0,185.0,185.0,185.0,1000.0
2017-01-13,186.0,186.0,183.0,183.0,4000.0
2017-01-12,184.0,185.0,182.0,183.0,8000.0
2017-01-11,182.0,182.0,181.0,181.0,4000.0
2017-01-10,181.0,184.0,181.0,182.0,14000.0
2017-01-06,180.0,180.0,180.0,180.0,2000.0
2017-01-05,178.0,180.0,178.0,180.0,10000.0
2017-01-04,,,,,0.0
2016-12-30,180.0,180.0,180.0,180.0,1000.0
2016-12-29,179.0,179.0,179.0,179.0,1000.0
2016-12-28,176.0,180.0,176.0,180.0,16000.0
2016-12-27,179.0,180.0,178.0,178.0,9000.0
2016-12-26,181.0,181.0,181.0,181.0,8000.0
2016-12-22,179.0,179.0,179.0,179.0,4000.0
2016-12-21,179.0,179.0,177.0,177.0,7000.0
2016-12-20,180.0,180.0,180.0,180.0,1000.0
2016-12-19,180.0,180.0,179.0,180.0,11000.0
2016-12-16,179.0,179.0,179.0,179.0,1000.0
2016-12-15,179.0,179.0,179.0,179.0,3000.0
2016-12-14,178.0,178.0,178.0,178.0,1000.0
2016-12-13,180.0,180.0,179.0,179.0,10000.0
2016-12-12,180.0,181.0,180.0,181.0,2000.0
2016-12-09,179.0,179.0,179.0,179.0,1000.0
2016-12-08,,,,,0.0
2016-12-07,177.0,177.0,177.0,177.0,3000.0
2016-12-06,178.0,178.0,177.0,177.0,2000.0
2016-12-05,180.0,180.0,177.0,177.0,4000.0
2016-12-02,178.0,178.0,178.0,178.0,2000.0
2016-12-01,,,,,0.0
2016-11-30,182.0,182.0,177.0,181.0,6000.0
2016-11-29,,,,,0.0
2016-11-28,182.0,182.0,182.0,182.0,1000.0
2016-11-25,176.0,177.0,176.0,177.0,6000.0
2016-11-24,177.0,177.0,177.0,177.0,3000.0
2016-11-22,178.0,178.0,178.0,178.0,1000.0
2016-11-21,175.0,182.0,175.0,178.0,12000.0
2016-11-18,174.0,175.0,174.0,175.0,9000.0
2016-11-17,,,,,0.0
2016-11-16,,,,,0.0
2016-11-15,,,,,0.0
2016-11-14,177.0,177.0,174.0,174.0,3000.0
2016-11-11,,,,,0.0
2016-11-10,173.0,176.0,173.0,176.0,2000.0
2016-11-09,174.0,174.0,173.0,173.0,6000.0
2016-11-08,174.0,174.0,174.0,174.0,1000.0
2016-11-07,,,,,0.0
2016-11-04,174.0,176.0,174.0,176.0,10000.0
2016-11-02,177.0,179.0,177.0,178.0,4000.0
2016-11-01,182.0,182.0,177.0,177.0,3000.0
2016-10-31,182.0,182.0,182.0,182.0,5000.0
2016-10-28,,,,,0.0
2016-10-27,180.0,182.0,180.0,182.0,5000.0
2016-10-26,,,,,0.0
2016-10-25,180.0,180.0,180.0,180.0,6000.0
2016-10-24,177.0,179.0,177.0,179.0,5000.0
2016-10-21,175.0,175.0,174.0,174.0,4000.0
2016-10-20,176.0,176.0,176.0,176.0,2000.0
2016-10-19,176.0,176.0,176.0,176.0,1000.0
2016-10-18,,,,,0.0
2016-10-17,179.0,179.0,179.0,179.0,3000.0
2016-10-14,,,,,0.0
2016-10-13,,,,,0.0
2016-10-12,174.0,175.0,173.0,175.0,7000.0
2016-10-11,179.0,179.0,179.0,179.0,1000.0
2016-10-07,,,,,0.0
2016-10-06,175.0,175.0,173.0,174.0,3000.0
2016-10-05,173.0,175.0,173.0,175.0,4000.0
2016-10-04,174.0,174.0,174.0,174.0,2000.0
2016-10-03,,,,,0.0
2016-09-30,176.0,176.0,172.0,175.0,11000.0
2016-09-29,175.0,177.0,172.0,172.0,16000.0
2016-09-28,178.0,178.0,176.0,176.0,2000.0
2016-09-27,,,,,0.0
2016-09-26,183.0,183.0,183.0,183.0,3000.0
2016-09-23,179.0,179.0,179.0,179.0,1000.0
2016-09-21,,,,,0.0
2016-09-20,175.0,175.0,175.0,175.0,1000.0
2016-09-16,175.0,175.0,175.0,175.0,1000.0
2016-09-15,,,,,0.0
2016-09-14,,,,,0.0
2016-09-13,,,,,0.0
2016-09-12,,,,,0.0
2016-09-09,175.0,175.0,175.0,175.0,2000.0
2016-09-08,,,,,0.0
2016-09-07,175.0,175.0,175.0,175.0,1000.0
2016-09-06,176.0,176.0,176.0,176.0,3000.0
2016-09-05,,,,,0.0
2016-09-02,,,,,0.0
2016-09-01,,,,,0.0
2016-08-31,178.0,178.0,176.0,176.0,3000.0
2016-08-30,178.0,178.0,178.0,178.0,2000.0
2016-08-29,,,,,0.0
2016-08-26,,,,,0.0
2016-08-25,181.0,181.0,177.0,177.0,5000.0
2016-08-24,180.0,181.0,179.0,181.0,3000.0
2016-08-23,180.0,180.0,180.0,180.0,2000.0
2016-08-22,,,,,0.0
2016-08-19,,,,,0.0
2016-08-18,,,,,0.0
2016-08-17,,,,,0.0
2016-08-16,178.0,179.0,178.0,179.0,2000.0
2016-08-15,178.0,178.0,178.0,178.0,1000.0
2016-08-12,180.0,180.0,178.0,178.0,2000.0
2016-08-10,181.0,181.0,181.0,181.0,2000.0
2016-08-09,,,,,0.0
2016-08-08,,,,,0.0
2016-08-05,,,,,0.0
2016-08-04,,,,,0.0
2016-08-03,178.0,178.0,178.0,178.0,1000.0
2016-08-02,180.0,182.0,178.0,182.0,5000.0
2016-08-01,178.0,182.0,178.0,182.0,5000.0
2016-07-29,183.0,183.0,178.0,178.0,3000.0
2016-07-28,177.0,177.0,177.0,177.0,1000.0
2016-07-27,,,,,0.0
2016-07-26,178.0,178.0,178.0,178.0,1000.0
2016-07-25,183.0,183.0,178.0,178.0,9000.0
2016-07-22,179.0,184.0,179.0,184.0,2000.0
2016-07-21,,,,,0.0
2016-07-20,,,,,0.0
2016-07-19,177.0,177.0,177.0,177.0,1000.0
2016-07-15,176.0,178.0,176.0,178.0,2000.0
2016-07-14,,,,,0.0
2016-07-13,178.0,178.0,178.0,178.0,2000.0
2016-07-12,183.0,183.0,183.0,183.0,2000.0
2016-07-11,185.0,185.0,185.0,185.0,2000.0
2016-07-08,,,,,0.0
2016-07-07,,,,,0.0
2016-07-06,,,,,0.0
2016-07-05,,,,,0.0
2016-07-04,180.0,180.0,180.0,180.0,3000.0
2016-07-01,,,,,0.0
2016-06-30,178.0,178.0,178.0,178.0,1000.0
2016-06-29,,,,,0.0
2016-06-28,,,,,0.0
2016-06-27,184.0,184.0,174.0,174.0,4000.0
2016-06-24,177.0,177.0,173.0,176.0,5000.0
2016-06-23,181.0,181.0,181.0,181.0,1000.0
2016-06-22,180.0,180.0,180.0,180.0,1000.0
2016-06-21,,,,,0.0
2016-06-20,175.0,180.0,175.0,180.0,3000.0
2016-06-17,176.0,180.0,176.0,180.0,2000.0
2016-06-16,173.0,173.0,173.0,173.0,1000.0
2016-06-15,176.0,176.0,176.0,176.0,2000.0
2016-06-14,176.0,176.0,176.0,176.0,1000.0
2016-06-13,,,,,0.0
2016-06-10,176.0,176.0,176.0,176.0,2000.0
2016-06-09,,,,,0.0
2016-06-08,,,,,0.0
2016-06-07,180.0,180.0,180.0,180.0,2000.0
2016-06-06,176.0,180.0,176.0,180.0,2000.0
2016-06-03,,,,,0.0
2016-06-02,178.0,178.0,178.0,178.0,1000.0
2016-06-01,,,,,0.0
2016-05-31,181.0,181.0,181.0,181.0,2000.0
2016-05-30,,,,,0.0
2016-05-27,179.0,180.0,178.0,180.0,5000.0
2016-05-26,,,,,0.0
2016-05-25,187.0,187.0,177.0,184.0,8000.0
2016-05-24,181.0,185.0,181.0,185.0,4000.0
2016-05-23,176.0,181.0,176.0,181.0,5000.0
2016-05-20,178.0,178.0,176.0,176.0,3000.0
2016-05-19,178.0,191.0,177.0,182.0,52000.0
2016-05-18,190.0,197.0,187.0,197.0,36000.0
2016-05-17,179.0,189.0,179.0,189.0,18000.0
2016-05-16,175.0,179.0,175.0,179.0,16000.0
2016-05-13,175.0,175.0,175.0,175.0,2000.0
2016-05-12,175.0,176.0,175.0,176.0,3000.0
2016-05-11,,,,,0.0
2016-05-10,,,,,0.0
2016-05-09,,,,,0.0
2016-05-06,178.0,178.0,174.0,174.0,2000.0
2016-05-02,173.0,173.0,173.0,173.0,1000.0
2016-04-28,179.0,179.0,172.0,173.0,6000.0
2016-04-27,,,,,0.0
2016-04-26,175.0,175.0,173.0,174.0,5000.0
2016-04-25,179.0,179.0,179.0,179.0,4000.0
2016-04-22,174.0,174.0,174.0,174.0,4000.0
2016-04-21,174.0,174.0,174.0,174.0,1000.0
2016-04-20,,,,,0.0
2016-04-19,,,,,0.0
2016-04-18,170.0,170.0,170.0,170.0,1000.0
2016-04-15,171.0,171.0,170.0,170.0,6000.0
2016-04-14,171.0,171.0,171.0,171.0,1000.0
2016-04-13,174.0,174.0,174.0,174.0,1000.0
2016-04-12,,,,,0.0
2016-04-11,,,,,0.0
2016-04-08,175.0,175.0,175.0,175.0,1000.0
2016-04-07,,,,,0.0
2016-04-06,175.0,175.0,175.0,175.0,1000.0
2016-04-05,,,,,0.0
2016-04-04,173.0,173.0,173.0,173.0,2000.0
2016-04-01,175.0,175.0,175.0,175.0,1000.0
2016-03-31,175.0,180.0,175.0,175.0,5000.0
2016-03-30,176.0,176.0,176.0,176.0,3000.0
2016-03-29,179.0,182.0,179.0,181.0,15000.0
2016-03-28,193.0,194.0,191.0,194.0,15000.0
2016-03-25,192.0,192.0,190.0,191.0,9000.0
2016-03-24,189.0,191.0,189.0,191.0,4000.0
2016-03-23,,,,,0.0
2016-03-22,190.0,190.0,190.0,190.0,10000.0
2016-03-18,187.0,187.0,187.0,187.0,4000.0
2016-03-17,187.0,187.0,187.0,187.0,3000.0
2016-03-16,,,,,0.0
2016-03-15,,,,,0.0
2016-03-14,190.0,190.0,187.0,187.0,2000.0
2016-03-11,186.0,190.0,186.0,186.0,7000.0
2016-03-10,188.0,189.0,186.0,186.0,4000.0
2016-03-09,,,,,0.0
2016-03-08,188.0,188.0,188.0,188.0,1000.0
2016-03-07,187.0,188.0,187.0,188.0,3000.0
2016-03-04,,,,,0.0
2016-03-03,,,,,0.0
2016-03-02,,,,,0.0
2016-03-01,,,,,0.0
2016-02-29,189.0,189.0,186.0,186.0,4000.0
2016-02-26,,,,,0.0
2016-02-25,185.0,185.0,182.0,184.0,6000.0
2016-02-24,185.0,185.0,184.0,184.0,4000.0
2016-02-23,,,,,0.0
2016-02-22,,,,,0.0
2016-02-19,180.0,180.0,180.0,180.0,1000.0
2016-02-18,178.0,178.0,178.0,178.0,3000.0
2016-02-17,170.0,170.0,170.0,170.0,1000.0
2016-02-16,172.0,172.0,172.0,172.0,1000.0
2016-02-15,178.0,178.0,170.0,172.0,6000.0
2016-02-12,178.0,178.0,175.0,175.0,5000.0
2016-02-10,180.0,180.0,179.0,180.0,4000.0
2016-02-09,180.0,180.0,180.0,180.0,2000.0
2016-02-08,,,,,0.0
2016-02-05,183.0,183.0,180.0,183.0,4000.0
2016-02-04,183.0,185.0,183.0,185.0,2000.0
2016-02-03,184.0,184.0,184.0,184.0,3000.0
2016-02-02,183.0,183.0,183.0,183.0,4000.0
2016-02-01,,,,,0.0
2016-01-29,178.0,178.0,178.0,178.0,1000.0
2016-01-28,,,,,0.0
2016-01-27,,,,,0.0
2016-01-26,183.0,183.0,183.0,183.0,3000.0
2016-01-25,180.0,180.0,180.0,180.0,2000.0
2016-01-22,178.0,178.0,177.0,177.0,2000.0
2016-01-21,175.0,175.0,171.0,171.0,6000.0
2016-01-20,177.0,180.0,177.0,180.0,4000.0
2016-01-19,,,,,0.0
2016-01-18,,,,,0.0
2016-01-15,179.0,179.0,179.0,179.0,1000.0
2016-01-14,176.0,176.0,176.0,176.0,1000.0
2016-01-13,,,,,0.0
2016-01-12,180.0,180.0,180.0,180.0,1000.0
2016-01-08,180.0,180.0,180.0,180.0,4000.0
2016-01-07,181.0,181.0,181.0,181.0,2000.0
2016-01-06,,,,,0.0
2016-01-05,182.0,182.0,181.0,181.0,5000.0
2016-01-04,182.0,182.0,181.0,181.0,6000.0
2015-12-30,189.0,189.0,189.0,189.0,1000.0
2015-12-29,180.0,180.0,180.0,180.0,1000.0
2015-12-28,180.0,180.0,180.0,180.0,1000.0
2015-12-25,179.0,180.0,179.0,180.0,9000.0
2015-12-24,181.0,182.0,179.0,179.0,8000.0
2015-12-22,182.0,182.0,182.0,182.0,3000.0
2015-12-21,181.0,181.0,181.0,181.0,5000.0
2015-12-18,186.0,186.0,181.0,181.0,2000.0
2015-12-17,183.0,183.0,183.0,183.0,2000.0
2015-12-16,182.0,182.0,182.0,182.0,1000.0
2015-12-15,181.0,183.0,181.0,183.0,2000.0
2015-12-14,180.0,185.0,180.0,185.0,6000.0
2015-12-11,,,,,0.0
2015-12-10,182.0,182.0,181.0,181.0,2000.0
2015-12-09,186.0,186.0,183.0,186.0,3000.0
2015-12-08,184.0,184.0,184.0,184.0,1000.0
2015-12-07,187.0,187.0,181.0,181.0,4000.0
2015-12-04,184.0,184.0,180.0,183.0,12000.0
2015-12-03,,,,,0.0
2015-12-02,,,,,0.0
2015-12-01,186.0,187.0,186.0,187.0,3000.0
2015-11-30,184.0,184.0,184.0,184.0,1000.0
2015-11-27,185.0,185.0,184.0,184.0,2000.0
2015-11-26,182.0,189.0,182.0,189.0,6000.0
2015-11-25,185.0,185.0,184.0,184.0,6000.0
2015-11-24,180.0,186.0,180.0,186.0,4000.0
2015-11-20,,,,,0.0
2015-11-19,181.0,181.0,181.0,181.0,3000.0
2015-11-18,183.0,183.0,180.0,180.0,4000.0
2015-11-17,185.0,185.0,185.0,185.0,1000.0
2015-11-16,180.0,180.0,180.0,180.0,2000.0
2015-11-13,,,,,0.0
2015-11-12,182.0,182.0,182.0,182.0,1000.0
2015-11-11,180.0,180.0,180.0,180.0,5000.0
2015-11-10,185.0,185.0,184.0,184.0,7000.0
2015-11-09,180.0,180.0,180.0,180.0,4000.0
2015-11-06,,,,,0.0
2015-11-05,,,,,0.0
2015-11-04,184.0,184.0,184.0,184.0,2000.0
2015-11-02,179.0,179.0,179.0,179.0,2000.0
2015-10-30,185.0,185.0,179.0,179.0,7000.0
2015-10-29,177.0,177.0,177.0,177.0,1000.0
2015-10-28,179.0,179.0,179.0,179.0,3000.0
2015-10-27,,,,,0.0
2015-10-26,191.0,191.0,189.0,189.0,5000.0
2015-10-23,178.0,189.0,178.0,181.0,8000.0
2015-10-22,,,,,0.0
2015-10-21,178.0,178.0,178.0,178.0,1000.0
2015-10-20,,,,,0.0
2015-10-19,,,,,0.0
2015-10-16,180.0,180.0,178.0,179.0,6000.0
2015-10-15,,,,,0.0
2015-10-14,170.0,170.0,167.0,167.0,2000.0
2015-10-13,168.0,168.0,168.0,168.0,1000.0
2015-10-09,,,,,0.0
2015-10-08,,,,,0.0
2015-10-07,167.0,171.0,167.0,168.0,3000.0
2015-10-06,169.0,169.0,167.0,167.0,2000.0
2015-10-05,160.0,170.0,160.0,169.0,15000.0
2015-10-02,,,,,0.0
2015-10-01,154.0,167.0,154.0,164.0,8000.0
2015-09-30,154.0,154.0,154.0,154.0,7000.0
2015-09-29,161.0,161.0,156.0,156.0,12000.0
2015-09-28,,,,,0.0
2015-09-25,161.0,166.0,161.0,166.0,4000.0
2015-09-24,170.0,170.0,166.0,166.0,6000.0
2015-09-18,170.0,170.0,170.0,170.0,1000.0
2015-09-17,170.0,170.0,170.0,170.0,1000.0
2015-09-16,,,,,0.0
2015-09-15,171.0,171.0,171.0,171.0,1000.0
2015-09-14,162.0,162.0,162.0,162.0,4000.0
2015-09-11,,,,,0.0
2015-09-10,,,,,0.0
2015-09-09,168.0,168.0,167.0,167.0,3000.0
2015-09-08,159.0,159.0,159.0,159.0,1000.0
2015-09-07,160.0,161.0,158.0,159.0,10000.0
2015-09-04,171.0,171.0,169.0,169.0,3000.0
2015-09-03,173.0,173.0,173.0,173.0,3000.0
2015-09-02,175.0,175.0,172.0,174.0,5000.0
2015-09-01,177.0,177.0,177.0,177.0,1000.0
2015-08-31,181.0,181.0,177.0,177.0,4000.0
2015-08-28,180.0,183.0,175.0,183.0,4000.0
2015-08-27,180.0,180.0,180.0,180.0,1000.0
2015-08-26,180.0,180.0,175.0,175.0,5000.0
2015-08-25,178.0,178.0,145.0,175.0,19000.0
2015-08-24,186.0,186.0,173.0,173.0,19000.0
2015-08-21,187.0,191.0,187.0,187.0,12000.0
2015-08-20,189.0,189.0,189.0,189.0,1000.0
2015-08-19,189.0,189.0,189.0,189.0,1000.0
2015-08-18,189.0,189.0,189.0,189.0,5000.0
2015-08-17,189.0,192.0,189.0,191.0,7000.0
2015-08-14,190.0,190.0,189.0,189.0,6000.0
2015-08-13,190.0,190.0,189.0,190.0,13000.0
2015-08-12,195.0,199.0,192.0,192.0,9000.0
2015-08-11,197.0,198.0,193.0,196.0,16000.0
2015-08-10,192.0,195.0,191.0,195.0,13000.0
2015-08-07,191.0,192.0,191.0,191.0,4000.0
2015-08-06,192.0,192.0,190.0,192.0,11000.0
2015-08-05,193.0,195.0,193.0,195.0,6000.0
2015-08-04,194.0,195.0,194.0,195.0,4000.0
2015-08-03,194.0,197.0,194.0,197.0,3000.0
2015-07-31,195.0,197.0,195.0,197.0,7000.0
2015-07-30,195.0,195.0,194.0,195.0,4000.0
2015-07-29,196.0,196.0,195.0,195.0,5000.0
2015-07-28,195.0,195.0,195.0,195.0,2000.0
2015-07-27,200.0,200.0,193.0,195.0,29000.0
2015-07-24,198.0,198.0,197.0,198.0,5000.0
2015-07-23,198.0,198.0,198.0,198.0,2000.0
2015-07-22,203.0,203.0,197.0,197.0,3000.0
2015-07-21,203.0,203.0,200.0,200.0,4000.0
2015-07-17,200.0,200.0,199.0,199.0,4000.0
2015-07-16,199.0,202.0,199.0,202.0,2000.0
2015-07-15,201.0,201.0,200.0,200.0,3000.0
2015-07-14,194.0,205.0,194.0,200.0,35000.0
2015-07-13,190.0,192.0,190.0,192.0,6000.0
2015-07-10,194.0,195.0,190.0,190.0,20000.0
2015-07-09,195.0,195.0,186.0,194.0,23000.0
2015-07-08,202.0,202.0,196.0,197.0,35000.0
2015-07-07,200.0,204.0,198.0,204.0,32000.0
2015-07-06,201.0,203.0,201.0,201.0,10000.0
2015-07-03,202.0,204.0,200.0,203.0,23000.0
2015-07-02,206.0,206.0,201.0,204.0,13000.0
2015-07-01,204.0,206.0,203.0,206.0,25000.0
2015-06-30,199.0,204.0,199.0,204.0,14000.0
2015-06-29,200.0,204.0,199.0,199.0,50000.0
2015-06-26,203.0,218.0,202.0,204.0,93000.0
2015-06-25,201.0,209.0,201.0,205.0,42000.0
2015-06-24,202.0,202.0,200.0,201.0,19000.0
2015-06-23,206.0,208.0,198.0,201.0,38000.0
2015-06-22,208.0,208.0,205.0,206.0,20000.0
2015-06-19,206.0,210.0,203.0,203.0,33000.0
2015-06-18,207.0,218.0,202.0,206.0,150000.0
2015-06-17,200.0,209.0,199.0,207.0,37000.0
2015-06-16,199.0,199.0,199.0,199.0,1000.0
2015-06-15,199.0,199.0,199.0,199.0,5000.0
2015-06-12,200.0,200.0,199.0,199.0,17000.0
2015-06-11,199.0,199.0,199.0,199.0,3000.0
2015-06-10,199.0,199.0,199.0,199.0,1000.0
2015-06-09,199.0,201.0,199.0,201.0,4000.0
2015-06-08,201.0,201.0,199.0,199.0,6000.0
2015-06-05,200.0,201.0,199.0,200.0,12000.0
2015-06-04,200.0,201.0,198.0,200.0,20000.0
2015-06-03,198.0,199.0,197.0,199.0,13000.0
2015-06-02,199.0,200.0,198.0,200.0,22000.0
2015-06-01,201.0,201.0,198.0,198.0,21000.0
2015-05-29,201.0,201.0,199.0,200.0,23000.0
2015-05-28,210.0,217.0,199.0,201.0,62000.0
2015-05-27,203.0,230.0,197.0,207.0,476000.0
2015-05-26,201.0,201.0,198.0,198.0,11000.0
2015-05-25,198.0,200.0,197.0,199.0,14000.0
2015-05-22,198.0,200.0,196.0,200.0,21000.0
2015-05-21,199.0,199.0,196.0,196.0,14000.0
2015-05-20,196.0,199.0,196.0,199.0,4000.0
2015-05-19,198.0,200.0,196.0,196.0,14000.0
2015-05-18,203.0,203.0,198.0,198.0,45000.0
2015-05-15,203.0,203.0,198.0,198.0,12000.0
2015-05-14,201.0,203.0,199.0,203.0,6000.0
2015-05-13,199.0,202.0,197.0,201.0,9000.0
2015-05-12,203.0,203.0,203.0,203.0,1000.0
2015-05-11,200.0,200.0,200.0,200.0,1000.0
2015-05-08,199.0,202.0,198.0,202.0,14000.0
2015-05-07,201.0,201.0,200.0,201.0,20000.0
2015-05-01,203.0,203.0,203.0,203.0,2000.0
2015-04-30,204.0,206.0,201.0,203.0,14000.0
2015-04-28,205.0,209.0,204.0,204.0,16000.0
2015-04-27,204.0,205.0,204.0,205.0,7000.0
2015-04-24,202.0,205.0,202.0,204.0,15000.0
2015-04-23,204.0,205.0,201.0,201.0,10000.0
2015-04-22,203.0,204.0,203.0,204.0,6000.0
2015-04-21,201.0,204.0,201.0,204.0,11000.0
2015-04-20,204.0,204.0,203.0,203.0,4000.0
2015-04-17,208.0,208.0,206.0,206.0,6000.0
2015-04-16,205.0,209.0,203.0,208.0,12000.0
2015-04-15,206.0,206.0,206.0,206.0,1000.0
2015-04-14,207.0,208.0,203.0,205.0,14000.0
2015-04-13,205.0,206.0,205.0,205.0,12000.0
2015-04-10,208.0,208.0,206.0,206.0,11000.0
2015-04-09,208.0,209.0,207.0,208.0,10000.0
2015-04-08,207.0,210.0,207.0,209.0,9000.0
2015-04-07,210.0,210.0,208.0,208.0,3000.0
2015-04-06,209.0,209.0,202.0,207.0,24000.0
2015-04-03,212.0,214.0,207.0,208.0,23000.0
2015-04-02,210.0,220.0,209.0,210.0,61000.0
2015-04-01,216.0,217.0,208.0,209.0,49000.0
2015-03-31,224.0,239.0,216.0,218.0,585000.0
2015-03-30,203.0,248.0,203.0,248.0,446000.0
2015-03-27,208.0,209.0,189.0,198.0,34000.0
2015-03-26,215.0,215.0,212.0,212.0,7000.0
2015-03-25,216.0,217.0,212.0,213.0,12000.0
2015-03-24,208.0,212.0,207.0,212.0,14000.0
2015-03-23,211.0,214.0,205.0,211.0,23000.0
2015-03-20,211.0,215.0,210.0,213.0,9000.0
2015-03-19,215.0,215.0,208.0,209.0,32000.0
2015-03-18,217.0,217.0,215.0,215.0,14000.0
2015-03-17,219.0,219.0,216.0,217.0,10000.0
2015-03-16,217.0,220.0,217.0,219.0,9000.0
2015-03-13,221.0,221.0,217.0,217.0,23000.0
2015-03-12,224.0,224.0,221.0,221.0,5000.0
2015-03-11,224.0,224.0,222.0,224.0,11000.0
2015-03-10,220.0,229.0,218.0,220.0,29000.0
2015-03-09,219.0,230.0,216.0,220.0,55000.0
2015-03-06,219.0,219.0,217.0,218.0,13000.0
2015-03-05,218.0,220.0,217.0,219.0,9000.0
2015-03-04,219.0,220.0,216.0,220.0,37000.0
2015-03-03,218.0,220.0,215.0,216.0,141000.0
2015-03-02,218.0,224.0,218.0,223.0,16000.0
2015-02-27,232.0,235.0,218.0,218.0,78000.0
2015-02-26,226.0,226.0,219.0,220.0,32000.0
2015-02-25,224.0,268.0,218.0,219.0,443000.0
2015-02-24,206.0,209.0,205.0,208.0,14000.0
2015-02-23,207.0,211.0,206.0,210.0,13000.0
2015-02-20,209.0,213.0,204.0,205.0,40000.0
2015-02-19,211.0,215.0,210.0,211.0,29000.0
2015-02-18,220.0,220.0,211.0,211.0,93000.0
2015-02-17,214.0,258.0,214.0,228.0,450000.0
2015-02-16,216.0,217.0,206.0,207.0,142000.0
2015-02-13,268.0,300.0,202.0,202.0,1891000.0
2015-02-12,180.0,220.0,177.0,220.0,679000.0
2015-02-10,170.0,172.0,166.0,170.0,12000.0
2015-02-09,173.0,196.0,159.0,170.0,145000.0
2015-02-06,176.0,176.0,167.0,172.0,32000.0
2015-02-05,170.0,179.0,170.0,173.0,27000.0
2015-02-04,175.0,176.0,172.0,175.0,52000.0
2015-02-03,185.0,188.0,172.0,180.0,47000.0
2015-02-02,186.0,190.0,183.0,185.0,36000.0
2015-01-30,197.0,200.0,191.0,200.0,54000.0
2015-01-29,203.0,203.0,199.0,201.0,60000.0
2015-01-28,211.0,241.0,201.0,205.0,266000.0
2015-01-27,220.0,222.0,207.0,211.0,168000.0
2015-01-26,243.0,252.0,215.0,224.0,845000.0
2015-01-23,283.0,283.0,283.0,283.0,144000.0
2015-01-22,156.0,203.0,156.0,203.0,307000.0
2015-01-21,149.0,161.0,145.0,153.0,78000.0
2015-01-20,144.0,150.0,139.0,145.0,19000.0
2015-01-19,143.0,143.0,143.0,143.0,2000.0
2015-01-16,140.0,140.0,138.0,138.0,3000.0
2015-01-15,142.0,142.0,139.0,140.0,18000.0
2015-01-14,146.0,146.0,144.0,144.0,8000.0
2015-01-13,150.0,150.0,145.0,147.0,24000.0
2015-01-09,178.0,189.0,154.0,155.0,201000.0
2015-01-08,158.0,180.0,158.0,164.0,406000.0
2015-01-07,146.0,151.0,144.0,144.0,27000.0
2015-01-06,143.0,168.0,141.0,143.0,215000.0
2015-01-05,138.0,148.0,129.0,141.0,77000.0
2014-12-30,130.0,130.0,130.0,130.0,2000.0
2014-12-29,128.0,128.0,128.0,128.0,5000.0
2014-12-26,,,,,0.0
2014-12-25,129.0,130.0,127.0,127.0,9000.0
2014-12-24,129.0,129.0,128.0,129.0,6000.0
2014-12-22,127.0,129.0,127.0,129.0,9000.0
2014-12-19,128.0,128.0,127.0,127.0,2000.0
2014-12-18,,,,,0.0
2014-12-17,127.0,127.0,127.0,127.0,1000.0
2014-12-16,127.0,127.0,126.0,126.0,4000.0
2014-12-15,127.0,127.0,127.0,127.0,2000.0
2014-12-12,127.0,127.0,127.0,127.0,1000.0
2014-12-11,,,,,0.0
2014-12-10,,,,,0.0
2014-12-09,128.0,128.0,128.0,128.0,2000.0
2014-12-08,128.0,129.0,128.0,129.0,2000.0
2014-12-05,128.0,129.0,128.0,128.0,8000.0
2014-12-04,130.0,130.0,128.0,128.0,5000.0
2014-12-03,130.0,130.0,130.0,130.0,2000.0
2014-12-02,127.0,130.0,127.0,130.0,3000.0
2014-12-01,130.0,130.0,130.0,130.0,7000.0
2014-11-28,127.0,130.0,127.0,130.0,2000.0
2014-11-27,130.0,130.0,129.0,130.0,6000.0
2014-11-26,129.0,130.0,129.0,130.0,2000.0
2014-11-25,130.0,130.0,130.0,130.0,6000.0
2014-11-21,131.0,131.0,130.0,130.0,3000.0
2014-11-20,130.0,131.0,130.0,131.0,4000.0
2014-11-19,126.0,126.0,125.0,125.0,5000.0
2014-11-18,126.0,126.0,126.0,126.0,1000.0
2014-11-17,127.0,127.0,127.0,127.0,1000.0
2014-11-14,130.0,130.0,126.0,127.0,5000.0
2014-11-13,,,,,0.0
2014-11-12,130.0,131.0,129.0,131.0,3000.0
2014-11-11,130.0,131.0,130.0,130.0,4000.0
2014-11-10,,,,,0.0
2014-11-07,130.0,130.0,130.0,130.0,1000.0
2014-11-06,,,,,0.0
2014-11-05,129.0,129.0,129.0,129.0,1000.0
2014-11-04,,,,,0.0
2014-10-31,129.0,129.0,129.0,129.0,1000.0
2014-10-30,122.0,129.0,122.0,129.0,6000.0
2014-10-29,122.0,122.0,122.0,122.0,1000.0
2014-10-28,125.0,125.0,125.0,125.0,1000.0
2014-10-27,123.0,123.0,123.0,123.0,3000.0
2014-10-24,,,,,0.0
2014-10-23,125.0,125.0,123.0,123.0,3000.0
2014-10-22,122.0,122.0,122.0,122.0,1000.0
2014-10-21,123.0,123.0,121.0,121.0,3000.0
2014-10-20,121.0,121.0,120.0,121.0,8000.0
2014-10-17,121.0,121.0,121.0,121.0,3000.0
2014-10-16,121.0,121.0,120.0,121.0,6000.0
2014-10-15,,,,,0.0
2014-10-14,125.0,125.0,121.0,121.0,14000.0
2014-10-10,129.0,129.0,127.0,127.0,4000.0
2014-10-09,131.0,131.0,130.0,130.0,4000.0
2014-10-08,130.0,132.0,130.0,132.0,2000.0
2014-10-07,131.0,132.0,131.0,132.0,3000.0
2014-10-06,131.0,131.0,130.0,130.0,4000.0
2014-10-03,128.0,132.0,128.0,132.0,4000.0
2014-10-02,132.0,133.0,125.0,129.0,41000.0
2014-10-01,138.0,138.0,137.0,138.0,4000.0
2014-09-30,143.0,143.0,143.0,143.0,1000.0
2014-09-29,140.0,143.0,140.0,143.0,3000.0
2014-09-26,140.0,144.0,139.0,143.0,7000.0
2014-09-25,138.0,138.0,138.0,138.0,4000.0
2014-09-24,136.0,137.0,136.0,137.0,4000.0
2014-09-22,,,,,0.0
2014-09-19,138.0,138.0,138.0,138.0,1000.0
2014-09-18,135.0,135.0,135.0,135.0,1000.0
2014-09-17,,,,,0.0
2014-09-16,,,,,0.0
2014-09-12,137.0,139.0,135.0,135.0,3000.0
2014-09-11,137.0,137.0,132.0,135.0,11000.0
2014-09-10,142.0,142.0,135.0,140.0,6000.0
2014-09-09,142.0,142.0,142.0,142.0,2000.0
2014-09-08,142.0,142.0,142.0,142.0,1000.0
2014-09-05,,,,,0.0
2014-09-04,,,,,0.0
2014-09-03,,,,,0.0
2014-09-02,,,,,0.0
2014-09-01,140.0,141.0,140.0,141.0,2000.0
2014-08-29,143.0,143.0,143.0,143.0,3000.0
2014-08-28,143.0,143.0,142.0,142.0,3000.0
2014-08-27,136.0,141.0,136.0,140.0,6000.0
2014-08-26,143.0,143.0,140.0,140.0,3000.0
2014-08-25,137.0,143.0,137.0,143.0,8000.0
2014-08-22,136.0,139.0,136.0,139.0,4000.0
2014-08-21,139.0,139.0,139.0,139.0,1000.0
2014-08-20,138.0,139.0,137.0,139.0,4000.0
2014-08-19,,,,,0.0
2014-08-18,136.0,140.0,136.0,140.0,4000.0
2014-08-15,,,,,0.0
2014-08-14,135.0,138.0,135.0,138.0,2000.0
2014-08-13,,,,,0.0
2014-08-12,,,,,0.0
2014-08-11,139.0,139.0,139.0,139.0,1000.0
2014-08-08,136.0,138.0,136.0,138.0,3000.0
2014-08-07,,,,,0.0
2014-08-06,141.0,141.0,141.0,141.0,1000.0
2014-08-05,136.0,139.0,136.0,139.0,3000.0
2014-08-04,141.0,141.0,138.0,138.0,3000.0
2014-08-01,138.0,142.0,137.0,141.0,7000.0
2014-07-31,141.0,143.0,138.0,143.0,6000.0
2014-07-30,147.0,148.0,142.0,145.0,13000.0
2014-07-29,145.0,145.0,142.0,142.0,3000.0
2014-07-28,136.0,153.0,136.0,144.0,13000.0
2014-07-25,135.0,136.0,135.0,136.0,5000.0
2014-07-24,137.0,137.0,133.0,136.0,11000.0
2014-07-23,135.0,149.0,135.0,136.0,52000.0
2014-07-22,132.0,135.0,132.0,135.0,3000.0
2014-07-18,133.0,133.0,133.0,133.0,2000.0
2014-07-17,138.0,138.0,133.0,135.0,12000.0
2014-07-16,135.0,135.0,135.0,135.0,1000.0
2014-07-15,140.0,140.0,134.0,135.0,5000.0
2014-07-14,134.0,137.0,134.0,137.0,4000.0
2014-07-11,136.0,136.0,134.0,134.0,7000.0
2014-07-10,138.0,138.0,137.0,137.0,2000.0
2014-07-09,140.0,141.0,137.0,137.0,7000.0
2014-07-08,137.0,138.0,137.0,138.0,3000.0
2014-07-07,138.0,139.0,138.0,138.0,5000.0
2014-07-04,140.0,140.0,138.0,138.0,4000.0
2014-07-03,140.0,140.0,140.0,140.0,5000.0
2014-07-02,141.0,164.0,139.0,139.0,106000.0
2014-07-01,139.0,139.0,137.0,137.0,6000.0
2014-06-30,144.0,144.0,139.0,139.0,3000.0
2014-06-27,147.0,147.0,140.0,143.0,14000.0
2014-06-26,150.0,154.0,139.0,149.0,34000.0
2014-06-25,131.0,170.0,131.0,149.0,291000.0
2014-06-24,124.0,126.0,124.0,126.0,5000.0
2014-06-23,123.0,123.0,123.0,123.0,1000.0
2014-06-20,122.0,123.0,122.0,123.0,6000.0
2014-06-19,124.0,124.0,121.0,122.0,14000.0
2014-06-18,120.0,120.0,120.0,120.0,2000.0
2014-06-17,124.0,124.0,124.0,124.0,2000.0
2014-06-16,123.0,125.0,120.0,125.0,3000.0
2014-06-13,,,,,0.0
2014-06-12,124.0,124.0,123.0,123.0,2000.0
2014-06-11,,,,,0.0
2014-06-10,,,,,0.0
2014-06-09,125.0,125.0,124.0,124.0,2000.0
2014-06-06,128.0,128.0,128.0,128.0,2000.0
2014-06-05,,,,,0.0
2014-06-04,120.0,128.0,120.0,128.0,15000.0
2014-06-03,123.0,123.0,123.0,123.0,1000.0
2014-06-02,125.0,126.0,125.0,126.0,3000.0
2014-05-30,127.0,129.0,127.0,128.0,5000.0
2014-05-29,125.0,125.0,125.0,125.0,1000.0
2014-05-28,129.0,129.0,128.0,128.0,2000.0
2014-05-27,123.0,128.0,123.0,126.0,5000.0
2014-05-26,126.0,126.0,118.0,118.0,7000.0
2014-05-23,120.0,126.0,120.0,126.0,3000.0
2014-05-22,117.0,117.0,117.0,117.0,2000.0
2014-05-21,122.0,122.0,113.0,114.0,10000.0
2014-05-20,124.0,124.0,124.0,124.0,1000.0
2014-05-19,122.0,122.0,119.0,119.0,5000.0
2014-05-16,121.0,126.0,121.0,126.0,2000.0
2014-05-15,122.0,122.0,122.0,122.0,2000.0
2014-05-14,126.0,126.0,126.0,126.0,2000.0
2014-05-13,,,,,0.0
2014-05-12,121.0,121.0,121.0,121.0,2000.0
2014-05-09,121.0,121.0,121.0,121.0,1000.0
2014-05-08,122.0,122.0,122.0,122.0,1000.0
2014-05-07,126.0,126.0,126.0,126.0,1000.0
2014-05-02,,,,,0.0
2014-05-01,,,,,0.0
2014-04-30,130.0,130.0,130.0,130.0,1000.0
2014-04-28,130.0,130.0,130.0,130.0,1000.0
2014-04-25,125.0,125.0,125.0,125.0,3000.0
2014-04-24,129.0,129.0,125.0,125.0,2000.0
2014-04-23,127.0,127.0,124.0,124.0,2000.0
2014-04-22,,,,,0.0
2014-04-21,125.0,129.0,125.0,129.0,3000.0
2014-04-18,122.0,127.0,122.0,127.0,2000.0
2014-04-17,122.0,122.0,122.0,122.0,1000.0
2014-04-16,,,,,0.0
2014-04-15,,,,,0.0
2014-04-14,,,,,0.0
2014-04-11,127.0,127.0,126.0,126.0,2000.0
2014-04-10,122.0,127.0,122.0,122.0,3000.0
2014-04-09,121.0,121.0,121.0,121.0,1000.0
2014-04-08,133.0,133.0,129.0,129.0,3000.0
2014-04-07,,,,,0.0
2014-04-04,132.0,132.0,132.0,132.0,3000.0
2014-04-03,,,,,0.0
2014-04-02,124.0,137.0,124.0,137.0,6000.0
2014-04-01,129.0,129.0,129.0,129.0,1000.0
2014-03-31,133.0,133.0,132.0,132.0,2000.0
2014-03-28,133.0,133.0,133.0,133.0,1000.0
2014-03-27,128.0,134.0,128.0,134.0,7000.0
2014-03-26,140.0,146.0,135.0,143.0,7000.0
2014-03-25,143.0,143.0,140.0,140.0,7000.0
2014-03-24,139.0,139.0,139.0,139.0,2000.0
2014-03-20,137.0,138.0,137.0,138.0,2000.0
2014-03-19,135.0,135.0,135.0,135.0,4000.0
2014-03-18,135.0,135.0,135.0,135.0,1000.0
2014-03-17,135.0,135.0,135.0,135.0,2000.0
2014-03-14,138.0,138.0,135.0,135.0,7000.0
2014-03-13,138.0,138.0,138.0,138.0,1000.0
2014-03-12,138.0,138.0,138.0,138.0,1000.0
2014-03-11,140.0,140.0,140.0,140.0,2000.0
2014-03-10,,,,,0.0
2014-03-07,142.0,142.0,135.0,136.0,7000.0
2014-03-06,136.0,136.0,136.0,136.0,1000.0
2014-03-05,142.0,142.0,139.0,139.0,4000.0
2014-03-04,132.0,132.0,132.0,132.0,1000.0
2014-03-03,132.0,132.0,132.0,132.0,1000.0
2014-02-28,136.0,136.0,132.0,132.0,8000.0
2014-02-27,135.0,135.0,134.0,134.0,7000.0
2014-02-26,133.0,133.0,133.0,133.0,1000.0
2014-02-25,140.0,154.0,131.0,134.0,56000.0
2014-02-24,139.0,139.0,136.0,136.0,3000.0
2014-02-21,136.0,136.0,136.0,136.0,1000.0
2014-02-20,137.0,137.0,135.0,135.0,2000.0
2014-02-19,,,,,0.0
2014-02-18,137.0,137.0,137.0,137.0,1000.0
2014-02-17,,,,,0.0
2014-02-14,132.0,132.0,132.0,132.0,1000.0
2014-02-13,134.0,134.0,134.0,134.0,1000.0
2014-02-12,142.0,143.0,137.0,139.0,4000.0
2014-02-10,135.0,135.0,135.0,135.0,1000.0
2014-02-07,132.0,135.0,132.0,135.0,8000.0
2014-02-06,135.0,136.0,135.0,136.0,4000.0
2014-02-05,126.0,137.0,126.0,136.0,8000.0
2014-02-04,135.0,135.0,114.0,126.0,21000.0
2014-02-03,148.0,148.0,138.0,143.0,10000.0
2014-01-31,148.0,148.0,148.0,148.0,1000.0
2014-01-30,144.0,144.0,144.0,144.0,3000.0
2014-01-29,142.0,148.0,142.0,148.0,6000.0
2014-01-28,,,,,0.0
2014-01-27,143.0,145.0,143.0,143.0,19000.0
2014-01-24,148.0,148.0,148.0,148.0,7000.0
2014-01-23,150.0,150.0,149.0,150.0,4000.0
2014-01-22,156.0,156.0,149.0,150.0,19000.0
2014-01-21,157.0,157.0,155.0,155.0,10000.0
2014-01-20,153.0,160.0,153.0,156.0,15000.0
2014-01-17,153.0,153.0,151.0,151.0,7000.0
2014-01-16,155.0,158.0,152.0,152.0,8000.0
2014-01-15,150.0,153.0,144.0,152.0,14000.0
2014-01-14,147.0,166.0,145.0,145.0,83000.0
2014-01-10,145.0,145.0,143.0,143.0,2000.0
2014-01-09,144.0,147.0,144.0,146.0,4000.0
2014-01-08,,,,,0.0
2014-01-07,144.0,147.0,144.0,147.0,5000.0
2014-01-06,150.0,150.0,143.0,143.0,20000.0
2013-12-30,159.0,166.0,146.0,154.0,56000.0
2013-12-27,143.0,167.0,143.0,154.0,132000.0
2013-12-26,137.0,142.0,137.0,142.0,13000.0
2013-12-25,137.0,137.0,134.0,134.0,14000.0
2013-12-24,137.0,139.0,136.0,136.0,10000.0
2013-12-20,136.0,139.0,136.0,137.0,8000.0
2013-12-19,141.0,141.0,136.0,136.0,4000.0
2013-12-18,139.0,143.0,139.0,140.0,11000.0
2013-12-17,145.0,145.0,138.0,144.0,15000.0
2013-12-16,145.0,145.0,143.0,143.0,3000.0
2013-12-13,147.0,147.0,142.0,146.0,7000.0
2013-12-12,150.0,151.0,146.0,149.0,4000.0
2013-12-11,152.0,152.0,148.0,149.0,9000.0
2013-12-10,145.0,150.0,145.0,150.0,24000.0
2013-12-09,148.0,150.0,141.0,144.0,25000.0
2013-12-06,144.0,147.0,144.0,147.0,16000.0
2013-12-05,148.0,150.0,145.0,145.0,16000.0
2013-12-04,150.0,150.0,148.0,148.0,6000.0
2013-12-03,152.0,152.0,150.0,151.0,12000.0
2013-12-02,149.0,151.0,149.0,151.0,7000.0
2013-11-29,149.0,150.0,147.0,150.0,12000.0
2013-11-28,148.0,148.0,145.0,147.0,17000.0
2013-11-27,148.0,149.0,147.0,149.0,6000.0
2013-11-26,150.0,151.0,150.0,151.0,16000.0
2013-11-25,158.0,162.0,150.0,153.0,43000.0
2013-11-22,161.0,162.0,157.0,158.0,28000.0
2013-11-21,164.0,164.0,155.0,156.0,60000.0
2013-11-20,175.0,180.0,159.0,161.0,100000.0
2013-11-19,184.0,186.0,174.0,175.0,169000.0
2013-11-18,228.0,228.0,202.0,210.0,560000.0
2013-11-15,129.0,179.0,128.0,179.0,628000.0
2013-11-14,130.0,133.0,128.0,129.0,16000.0
2013-11-13,137.0,137.0,134.0,134.0,7000.0
2013-11-12,131.0,139.0,125.0,139.0,27000.0
2013-11-11,139.0,146.0,135.0,136.0,27000.0
2013-11-08,145.0,146.0,140.0,143.0,11000.0
2013-11-07,142.0,143.0,138.0,140.0,6000.0
2013-11-06,137.0,142.0,137.0,142.0,11000.0
2013-11-05,140.0,140.0,136.0,140.0,12000.0
2013-11-01,157.0,173.0,127.0,138.0,97000.0
2013-10-31,156.0,157.0,153.0,153.0,28000.0
2013-10-30,166.0,166.0,160.0,162.0,13000.0
2013-10-29,167.0,167.0,166.0,166.0,11000.0
2013-10-28,170.0,170.0,163.0,165.0,38000.0
2013-10-25,180.0,180.0,178.0,180.0,14000.0
2013-10-24,178.0,182.0,176.0,182.0,12000.0
2013-10-23,177.0,179.0,176.0,176.0,16000.0
2013-10-22,184.0,188.0,174.0,175.0,29000.0
2013-10-21,185.0,189.0,180.0,184.0,34000.0
2013-10-18,195.0,196.0,181.0,184.0,49000.0
2013-10-17,196.0,228.0,189.0,193.0,158000.0
2013-10-16,201.0,201.0,185.0,186.0,195000.0
2013-10-15,257.0,257.0,196.0,216.0,359000.0
2013-10-11,227.0,228.0,204.0,228.0,407000.0
2013-10-10,131.0,178.0,131.0,178.0,381000.0
2013-10-09,138.0,146.0,127.0,128.0,169000.0
2013-10-08,107.0,153.0,105.0,153.0,96000.0
2013-10-07,103.0,103.0,103.0,103.0,1000.0
2013-10-04,,,,,0.0
2013-10-03,104.0,104.0,104.0,104.0,1000.0
2013-10-02,,,,,0.0
2013-10-01,106.0,109.0,106.0,106.0,3000.0
2013-09-30,109.0,109.0,109.0,109.0,1000.0
2013-09-27,105.0,105.0,105.0,105.0,2000.0
2013-09-26,104.0,104.0,104.0,104.0,1000.0
2013-09-25,103.0,105.0,103.0,105.0,6000.0
2013-09-24,105.0,105.0,102.0,105.0,7000.0
2013-09-20,106.0,106.0,106.0,106.0,1000.0
2013-09-19,,,,,0.0
2013-09-18,,,,,0.0
2013-09-17,105.0,105.0,105.0,105.0,2000.0
2013-09-13,101.0,101.0,101.0,101.0,1000.0
2013-09-12,,,,,0.0
2013-09-11,103.0,103.0,103.0,103.0,2000.0
2013-09-10,,,,,0.0
2013-09-09,112.0,112.0,104.0,104.0,2000.0
2013-09-06,,,,,0.0
2013-09-05,104.0,104.0,102.0,102.0,3000.0
2013-09-04,,,,,0.0
2013-09-03,102.0,102.0,102.0,102.0,1000.0
2013-09-02,103.0,103.0,103.0,103.0,1000.0
2013-08-30,104.0,104.0,104.0,104.0,1000.0
2013-08-29,103.0,103.0,103.0,103.0,1000.0
2013-08-28,102.0,102.0,102.0,102.0,1000.0
2013-08-27,109.0,109.0,109.0,109.0,1000.0
2013-08-26,109.0,109.0,109.0,109.0,5000.0
2013-08-23,106.0,106.0,106.0,106.0,3000.0
2013-08-22,,,,,0.0
2013-08-21,,,,,0.0
2013-08-20,,,,,0.0
2013-08-19,,,,,0.0
2013-08-16,,,,,0.0
2013-08-15,103.0,103.0,103.0,103.0,1000.0
2013-08-14,,,,,0.0
2013-08-13,103.0,103.0,103.0,103.0,1000.0
2013-08-12,,,,,0.0
2013-08-09,103.0,103.0,103.0,103.0,1000.0
2013-08-08,,,,,0.0
2013-08-07,,,,,0.0
2013-08-06,,,,,0.0
2013-08-05,,,,,0.0
2013-08-02,101.0,101.0,101.0,101.0,2000.0
2013-08-01,,,,,0.0
2013-07-31,106.0,106.0,106.0,106.0,1000.0
2013-07-30,,,,,0.0
2013-07-29,101.0,101.0,101.0,101.0,1000.0
2013-07-26,,,,,0.0
2013-07-25,104.0,104.0,101.0,102.0,8000.0
2013-07-24,102.0,106.0,102.0,106.0,5000.0
2013-07-23,100.0,104.0,100.0,104.0,2000.0
2013-07-22,100.0,100.0,100.0,100.0,2000.0
2013-07-19,100.0,100.0,100.0,100.0,1000.0
2013-07-18,103.0,106.0,98.0,103.0,18000.0
2013-07-17,99.0,99.0,98.0,98.0,2000.0
2013-07-16,100.0,100.0,100.0,100.0,3000.0
2013-07-12,101.0,101.0,101.0,101.0,1000.0
2013-07-11,,,,,0.0
2013-07-10,100.0,102.0,100.0,102.0,2000.0
2013-07-09,98.0,98.0,98.0,98.0,1000.0
2013-07-08,,,,,0.0
2013-07-05,102.0,102.0,101.0,101.0,2000.0
2013-07-04,,,,,0.0
2013-07-03,,,,,0.0
2013-07-02,,,,,0.0
2013-07-01,,,,,0.0
2013-06-28,102.0,102.0,97.0,102.0,4000.0
2013-06-27,,,,,0.0
2013-06-26,,,,,0.0
2013-06-25,102.0,102.0,97.0,97.0,6000.0
2013-06-24,95.0,98.0,95.0,98.0,4000.0
2013-06-21,99.0,99.0,99.0,99.0,4000.0
2013-06-20,,,,,0.0
2013-06-19,,,,,0.0
2013-06-18,,,,,0.0
2013-06-17,,,,,0.0
2013-06-14,,,,,0.0
2013-06-13,,,,,0.0
2013-06-12,,,,,0.0
2013-06-11,,,,,0.0
2013-06-10,,,,,0.0
2013-06-07,102.0,102.0,99.0,99.0,6000.0
2013-06-06,106.0,106.0,101.0,101.0,14000.0
2013-06-05,110.0,112.0,110.0,112.0,15000.0
2013-06-04,105.0,105.0,105.0,105.0,1000.0
2013-06-03,,,,,0.0
2013-05-31,110.0,110.0,105.0,105.0,7000.0
2013-05-30,,,,,0.0
2013-05-29,,,,,0.0
2013-05-28,107.0,111.0,107.0,111.0,2000.0
2013-05-27,112.0,112.0,112.0,112.0,4000.0
2013-05-24,110.0,110.0,108.0,108.0,2000.0
2013-05-23,108.0,109.0,108.0,108.0,4000.0
2013-05-22,109.0,109.0,109.0,109.0,6000.0
2013-05-21,112.0,115.0,112.0,115.0,5000.0
2013-05-20,109.0,113.0,109.0,110.0,3000.0
2013-05-17,110.0,110.0,110.0,110.0,1000.0
2013-05-16,111.0,114.0,110.0,110.0,6000.0
2013-05-15,116.0,116.0,110.0,114.0,9000.0
2013-05-14,111.0,112.0,111.0,112.0,3000.0
2013-05-13,110.0,110.0,110.0,110.0,6000.0
2013-05-10,114.0,114.0,112.0,112.0,2000.0
2013-05-09,,,,,0.0
2013-05-08,111.0,111.0,111.0,111.0,1000.0
2013-05-07,,,,,0.0
2013-05-02,,,,,0.0
2013-05-01,110.0,110.0,110.0,110.0,1000.0
2013-04-30,109.0,112.0,109.0,112.0,3000.0
2013-04-26,109.0,109.0,109.0,109.0,1000.0
2013-04-25,115.0,115.0,108.0,108.0,6000.0
2013-04-24,110.0,111.0,110.0,111.0,3000.0
2013-04-23,107.0,109.0,107.0,109.0,4000.0
2013-04-22,110.0,110.0,110.0,110.0,1000.0
2013-04-19,,,,,0.0
2013-04-18,106.0,109.0,106.0,109.0,3000.0
2013-04-17,109.0,109.0,107.0,107.0,7000.0
2013-04-16,103.0,106.0,102.0,104.0,8000.0
2013-04-15,109.0,109.0,105.0,105.0,10000.0
2013-04-12,108.0,110.0,107.0,107.0,4000.0
2013-04-11,110.0,110.0,110.0,110.0,1000.0
2013-04-10,109.0,109.0,109.0,109.0,2000.0
2013-04-09,106.0,108.0,106.0,106.0,3000.0
2013-04-08,107.0,107.0,105.0,107.0,4000.0
2013-04-05,108.0,108.0,102.0,105.0,10000.0
2013-04-04,107.0,107.0,104.0,107.0,3000.0
2013-04-03,108.0,108.0,108.0,108.0,1000.0
2013-04-02,104.0,104.0,103.0,104.0,6000.0
2013-04-01,106.0,106.0,105.0,105.0,5000.0
2013-03-29,108.0,108.0,106.0,106.0,7000.0
2013-03-28,107.0,109.0,106.0,108.0,14000.0
2013-03-27,110.0,113.0,106.0,109.0,28000.0
2013-03-26,122.0,129.0,120.0,123.0,13000.0
2013-03-25,122.0,122.0,121.0,122.0,8000.0
2013-03-22,120.0,121.0,120.0,121.0,5000.0
2013-03-21,120.0,120.0,120.0,120.0,3000.0
2013-03-19,119.0,122.0,119.0,121.0,6000.0
2013-03-18,119.0,119.0,118.0,119.0,6000.0
2013-03-15,124.0,124.0,123.0,123.0,4000.0
2013-03-14,117.0,118.0,117.0,118.0,2000.0
2013-03-13,115.0,121.0,115.0,116.0,10000.0
2013-03-12,117.0,119.0,115.0,119.0,4000.0
2013-03-11,114.0,115.0,112.0,112.0,5000.0
2013-03-08,114.0,114.0,111.0,111.0,4000.0
2013-03-07,112.0,113.0,107.0,113.0,6000.0
2013-03-06,110.0,111.0,110.0,111.0,3000.0
2013-03-05,110.0,110.0,110.0,110.0,2000.0
2013-03-04,110.0,110.0,109.0,109.0,3000.0
2013-03-01,110.0,110.0,109.0,109.0,2000.0
2013-02-28,106.0,109.0,106.0,109.0,7000.0
2013-02-27,110.0,110.0,110.0,110.0,3000.0
2013-02-26,,,,,0.0
2013-02-25,108.0,108.0,108.0,108.0,5000.0
2013-02-22,108.0,108.0,105.0,107.0,6000.0
2013-02-21,106.0,108.0,106.0,108.0,2000.0
2013-02-20,,,,,0.0
2013-02-19,,,,,0.0
2013-02-18,,,,,0.0
2013-02-15,100.0,108.0,100.0,103.0,4000.0
2013-02-14,,,,,0.0
2013-02-13,101.0,104.0,101.0,104.0,3000.0
2013-02-12,101.0,101.0,101.0,101.0,4000.0
2013-02-08,101.0,101.0,100.0,100.0,3000.0
2013-02-07,101.0,101.0,101.0,101.0,3000.0
2013-02-06,101.0,103.0,101.0,103.0,9000.0
2013-02-05,105.0,105.0,103.0,105.0,5000.0
2013-02-04,104.0,114.0,104.0,109.0,9000.0
2013-02-01,101.0,104.0,101.0,104.0,2000.0
2013-01-31,101.0,102.0,101.0,102.0,5000.0
2013-01-30,100.0,100.0,100.0,100.0,3000.0
2013-01-29,100.0,100.0,100.0,100.0,2000.0
2013-01-28,99.0,100.0,99.0,99.0,4000.0
2013-01-25,97.0,97.0,95.0,97.0,9000.0
2013-01-24,99.0,99.0,97.0,97.0,3000.0
2013-01-23,98.0,98.0,98.0,98.0,1000.0
2013-01-22,98.0,98.0,98.0,98.0,1000.0
2013-01-21,97.0,97.0,95.0,95.0,7000.0
2013-01-18,97.0,97.0,97.0,97.0,4000.0
2013-01-17,97.0,97.0,96.0,97.0,4000.0
2013-01-16,98.0,98.0,97.0,97.0,5000.0
2013-01-15,99.0,99.0,99.0,99.0,2000.0
2013-01-11,95.0,98.0,95.0,98.0,4000.0
2013-01-10,92.0,96.0,92.0,96.0,7000.0
2013-01-09,92.0,95.0,92.0,95.0,3000.0
2013-01-08,93.0,93.0,93.0,93.0,2000.0
2013-01-07,96.0,96.0,95.0,95.0,5000.0
2013-01-04,96.0,96.0,96.0,96.0,1000.0
2012-12-28,96.0,96.0,93.0,93.0,4000.0
2012-12-27,96.0,97.0,96.0,97.0,3000.0
2012-12-26,,,,,0.0
2012-12-25,99.0,99.0,99.0,99.0,7000.0
2012-12-21,98.0,98.0,97.0,97.0,7000.0
2012-12-20,95.0,96.0,95.0,96.0,6000.0
2012-12-19,94.0,95.0,94.0,95.0,6000.0
2012-12-18,96.0,96.0,96.0,96.0,1000.0
2012-12-17,95.0,95.0,95.0,95.0,1000.0
2012-12-14,96.0,96.0,96.0,96.0,1000.0
2012-12-13,95.0,95.0,95.0,95.0,2000.0
2012-12-12,,,,,0.0
2012-12-11,,,,,0.0
2012-12-10,96.0,96.0,96.0,96.0,2000.0
2012-12-07,95.0,95.0,95.0,95.0,1000.0
2012-12-06,94.0,94.0,94.0,94.0,2000.0
2012-12-05,97.0,97.0,97.0,97.0,1000.0
2012-12-04,,,,,0.0
2012-12-03,,,,,0.0
2012-11-30,98.0,98.0,98.0,98.0,1000.0
2012-11-29,96.0,96.0,96.0,96.0,1000.0
2012-11-28,,,,,0.0
2012-11-27,,,,,0.0
2012-11-26,94.0,94.0,94.0,94.0,6000.0
2012-11-22,90.0,90.0,90.0,90.0,1000.0
2012-11-21,88.0,90.0,88.0,90.0,3000.0
2012-11-20,89.0,89.0,89.0,89.0,1000.0
2012-11-19,87.0,87.0,86.0,87.0,3000.0
2012-11-16,,,,,0.0
2012-11-15,,,,,0.0
2012-11-14,90.0,90.0,90.0,90.0,1000.0
2012-11-13,,,,,0.0
2012-11-12,88.0,88.0,87.0,87.0,2000.0
2012-11-09,88.0,88.0,88.0,88.0,1000.0
2012-11-08,90.0,90.0,88.0,88.0,3000.0
2012-11-07,,,,,0.0
2012-11-06,90.0,90.0,90.0,90.0,1000.0
2012-11-05,88.0,88.0,88.0,88.0,1000.0
2012-11-02,,,,,0.0
2012-11-01,90.0,90.0,89.0,89.0,2000.0
2012-10-31,90.0,90.0,90.0,90.0,3000.0
2012-10-30,93.0,93.0,93.0,93.0,1000.0
2012-10-29,,,,,0.0
2012-10-26,,,,,0.0
2012-10-25,92.0,93.0,92.0,93.0,8000.0
2012-10-24,96.0,97.0,95.0,97.0,6000.0
2012-10-23,94.0,95.0,94.0,95.0,3000.0
2012-10-22,95.0,95.0,95.0,95.0,1000.0
2012-10-19,,,,,0.0
2012-10-18,89.0,95.0,89.0,95.0,2000.0
2012-10-17,,,,,0.0
2012-10-16,,,,,0.0
2012-10-15,,,,,0.0
2012-10-12,,,,,0.0
2012-10-11,,,,,0.0
2012-10-10,,,,,0.0
2012-10-09,,,,,0.0
2012-10-05,91.0,91.0,91.0,91.0,1000.0
2012-10-04,,,,,0.0
2012-10-03,,,,,0.0
2012-10-02,91.0,91.0,91.0,91.0,67000.0
2012-10-01,,,,,0.0
2012-09-28,91.0,91.0,91.0,91.0,1000.0
2012-09-27,90.0,90.0,90.0,90.0,1000.0
2012-09-26,95.0,95.0,95.0,95.0,1000.0
2012-09-25,98.0,98.0,98.0,98.0,7000.0
2012-09-24,95.0,98.0,94.0,95.0,9000.0
2012-09-21,90.0,90.0,90.0,90.0,1000.0
2012-09-20,90.0,90.0,90.0,90.0,1000.0
2012-09-19,,,,,0.0
2012-09-18,91.0,91.0,91.0,91.0,1000.0
2012-09-14,,,,,0.0
2012-09-13,92.0,92.0,92.0,92.0,70000.0
2012-09-12,,,,,0.0
2012-09-11,,,,,0.0
2012-09-10,,,,,0.0
2012-09-07,,,,,0.0
2012-09-06,,,,,0.0
2012-09-05,,,,,0.0
2012-09-04,,,,,0.0
2012-09-03,95.0,95.0,93.0,93.0,3000.0
2012-08-31,89.0,89.0,87.0,87.0,2000.0
2012-08-30,86.0,88.0,86.0,88.0,3000.0
2012-08-29,96.0,96.0,89.0,89.0,8000.0
2012-08-28,88.0,101.0,88.0,96.0,9000.0
2012-08-27,92.0,92.0,85.0,85.0,12000.0
2012-08-24,86.0,93.0,84.0,93.0,10000.0
2012-08-23,85.0,85.0,85.0,85.0,1000.0
